# Contacts: Contacts_00002
# Native contacts determined from mask ':1-35@CA' and mask ':1-35@CA'
#                     Contact  Nframes    Frac.      Avg    Stdev
       1        :11@CA_:20@CA        6      0.4     6.27    0.628
       2        :20@CA_:11@CA        6      0.4     6.27    0.628
       3        :12@CA_:16@CA        4    0.267     5.83      1.4
       4        :16@CA_:12@CA        4    0.267     5.83      1.4
       5          :4@CA_:8@CA        3      0.2     5.31    0.305
       6          :8@CA_:4@CA        3      0.2     5.31    0.305
       7        :22@CA_:26@CA        3      0.2     5.47    0.515
       8        :26@CA_:22@CA        3      0.2     5.47    0.515
       9        :12@CA_:17@CA        3      0.2     5.84    0.841
      10        :17@CA_:12@CA        3      0.2     5.84    0.841
      11        :13@CA_:17@CA        3      0.2     6.62   0.0551
      12        :17@CA_:13@CA        3      0.2     6.62   0.0551
      13         :4@CA_:34@CA        2    0.133     4.38    0.131
      14         :34@CA_:4@CA        2    0.133     4.38    0.131
      15          :9@CA_:4@CA        2    0.133     4.87    0.686
      16          :4@CA_:9@CA        2    0.133     4.87    0.686
      17         :34@CA_:2@CA        2    0.133     4.93     1.11
      18         :2@CA_:34@CA        2    0.133     4.93     1.11
      19        :29@CA_:20@CA        2    0.133     5.21    0.743
      20        :20@CA_:29@CA        2    0.133     5.21    0.743
      21        :20@CA_:10@CA        2    0.133     5.97     1.01
      22        :10@CA_:20@CA        2    0.133     5.97     1.01
      23        :10@CA_:18@CA        2    0.133     6.23    0.221
      24        :18@CA_:10@CA        2    0.133     6.23    0.221
      25         :34@CA_:5@CA        1   0.0667     1.79 2.11e-08
      26         :5@CA_:34@CA        1   0.0667     1.79 2.11e-08
      27         :33@CA_:4@CA        1   0.0667     3.55        0
      28         :4@CA_:33@CA        1   0.0667     3.55        0
      29         :2@CA_:35@CA        1   0.0667     3.67        0
      30         :35@CA_:2@CA        1   0.0667     3.67        0
      31        :31@CA_:19@CA        1   0.0667     3.95        0
      32        :19@CA_:31@CA        1   0.0667     3.95        0
      33        :28@CA_:21@CA        1   0.0667     4.01        0
      34        :21@CA_:28@CA        1   0.0667     4.01        0
      35         :20@CA_:9@CA        1   0.0667     4.24        0
      36         :9@CA_:20@CA        1   0.0667     4.24        0
      37         :9@CA_:21@CA        1   0.0667     4.28 5.96e-08
      38         :21@CA_:9@CA        1   0.0667     4.28 5.96e-08
      39        :28@CA_:22@CA        1   0.0667     4.47        0
      40        :22@CA_:28@CA        1   0.0667     4.47        0
      41        :20@CA_:28@CA        1   0.0667     4.58        0
      42        :28@CA_:20@CA        1   0.0667     4.58        0
      43         :7@CA_:22@CA        1   0.0667     4.98        0
      44         :22@CA_:7@CA        1   0.0667     4.98        0
      45        :21@CA_:29@CA        1   0.0667     5.01 5.96e-08
      46        :29@CA_:21@CA        1   0.0667     5.01 5.96e-08
      47        :21@CA_:11@CA        1   0.0667     5.04 5.96e-08
      48        :11@CA_:21@CA        1   0.0667     5.04 5.96e-08
      49        :19@CA_:10@CA        1   0.0667      5.2        0
      50        :10@CA_:19@CA        1   0.0667      5.2        0
      51        :12@CA_:18@CA        1   0.0667     5.32        0
      52        :18@CA_:12@CA        1   0.0667     5.32        0
      53        :20@CA_:30@CA        1   0.0667     5.33        0
      54        :30@CA_:20@CA        1   0.0667     5.33        0
      55        :27@CA_:22@CA        1   0.0667      5.7        0
      56        :22@CA_:27@CA        1   0.0667      5.7        0
      57        :30@CA_:19@CA        1   0.0667     5.74        0
      58        :19@CA_:30@CA        1   0.0667     5.74        0
      59         :7@CA_:23@CA        1   0.0667     6.06        0
      60         :23@CA_:7@CA        1   0.0667     6.06        0
      61         :7@CA_:24@CA        1   0.0667     6.14 8.43e-08
      62         :24@CA_:7@CA        1   0.0667     6.14 8.43e-08
      63        :32@CA_:20@CA        1   0.0667     6.49        0
      64        :20@CA_:32@CA        1   0.0667     6.49        0
      65        :19@CA_:29@CA        1   0.0667     6.76        0
      66        :29@CA_:19@CA        1   0.0667     6.76        0
      67        :18@CA_:13@CA        1   0.0667     6.82        0
      68        :13@CA_:18@CA        1   0.0667     6.82        0
      69        :27@CA_:21@CA        1   0.0667     6.87        0
      70        :21@CA_:27@CA        1   0.0667     6.87        0
      71        :13@CA_:19@CA        1   0.0667     6.98 8.43e-08
      72        :19@CA_:13@CA        1   0.0667     6.98 8.43e-08
      73        :11@CA_:19@CA        0        0        0        0
      74         :23@CA_:8@CA        0        0        0        0
      75         :8@CA_:22@CA        0        0        0        0
      76         :8@CA_:21@CA        0        0        0        0
      77         :8@CA_:20@CA        0        0        0        0
      78        :12@CA_:19@CA        0        0        0        0
      79        :11@CA_:18@CA        0        0        0        0
      80        :10@CA_:21@CA        0        0        0        0
      81         :8@CA_:23@CA        0        0        0        0
      82        :26@CA_:21@CA        0        0        0        0
      83         :9@CA_:22@CA        0        0        0        0
      84        :18@CA_:11@CA        0        0        0        0
      85         :22@CA_:9@CA        0        0        0        0
      86         :22@CA_:8@CA        0        0        0        0
      87        :19@CA_:11@CA        0        0        0        0
      88        :19@CA_:12@CA        0        0        0        0
      89        :21@CA_:26@CA        0        0        0        0
      90        :21@CA_:10@CA        0        0        0        0
      91         :21@CA_:8@CA        0        0        0        0
      92         :20@CA_:8@CA        0        0        0        0
