# Contacts: Contacts_00002
# Native contacts determined from mask ':1-35@CA' and mask ':1-35@CA'
#                     Contact  Nframes    Frac.      Avg    Stdev
       1        :26@CA_:22@CA        7    0.467     5.92      0.9
       2        :22@CA_:26@CA        7    0.467     5.92      0.9
       3        :16@CA_:12@CA        6      0.4     4.93    0.912
       4        :12@CA_:16@CA        6      0.4     4.93    0.912
       5          :4@CA_:8@CA        4    0.267     5.79     1.01
       6          :8@CA_:4@CA        4    0.267     5.79     1.01
       7        :17@CA_:12@CA        4    0.267     6.29    0.436
       8        :12@CA_:17@CA        4    0.267     6.29    0.436
       9        :10@CA_:21@CA        3      0.2     4.39    0.965
      10        :21@CA_:10@CA        3      0.2     4.39    0.965
      11         :7@CA_:22@CA        3      0.2     5.47    0.864
      12         :22@CA_:7@CA        3      0.2     5.47    0.864
      13        :19@CA_:10@CA        3      0.2     6.32    0.276
      14        :10@CA_:19@CA        3      0.2     6.32    0.276
      15        :11@CA_:18@CA        3      0.2     6.67   0.0988
      16        :18@CA_:11@CA        3      0.2     6.67   0.0988
      17        :19@CA_:11@CA        3      0.2      6.8    0.195
      18        :11@CA_:19@CA        3      0.2      6.8    0.195
      19        :21@CA_:26@CA        2    0.133     4.96     1.22
      20        :26@CA_:21@CA        2    0.133     4.96     1.22
      21        :10@CA_:18@CA        2    0.133     5.65    0.471
      22        :18@CA_:10@CA        2    0.133     5.65    0.471
      23         :8@CA_:22@CA        2    0.133      5.8    0.223
      24         :22@CA_:8@CA        2    0.133      5.8    0.223
      25        :11@CA_:20@CA        2    0.133      6.6    0.182
      26        :20@CA_:11@CA        2    0.133      6.6    0.182
      27         :8@CA_:23@CA        1   0.0667     3.24        0
      28         :23@CA_:8@CA        1   0.0667     3.24        0
      29        :21@CA_:29@CA        1   0.0667     3.69        0
      30        :29@CA_:21@CA        1   0.0667     3.69        0
      31        :22@CA_:27@CA        1   0.0667     3.73        0
      32        :27@CA_:22@CA        1   0.0667     3.73        0
      33        :20@CA_:32@CA        1   0.0667      3.9 4.21e-08
      34        :32@CA_:20@CA        1   0.0667      3.9 4.21e-08
      35        :10@CA_:20@CA        1   0.0667      3.9        0
      36        :20@CA_:10@CA        1   0.0667      3.9        0
      37        :29@CA_:20@CA        1   0.0667     4.15        0
      38        :20@CA_:29@CA        1   0.0667     4.15        0
      39        :18@CA_:12@CA        1   0.0667     4.78        0
      40        :12@CA_:18@CA        1   0.0667     4.78        0
      41        :21@CA_:11@CA        1   0.0667     4.93        0
      42        :11@CA_:21@CA        1   0.0667     4.93        0
      43        :13@CA_:19@CA        1   0.0667     5.07        0
      44        :19@CA_:13@CA        1   0.0667     5.07        0
      45         :4@CA_:33@CA        1   0.0667     5.11 5.96e-08
      46         :33@CA_:4@CA        1   0.0667     5.11 5.96e-08
      47        :17@CA_:13@CA        1   0.0667      5.3        0
      48        :13@CA_:17@CA        1   0.0667      5.3        0
      49        :29@CA_:19@CA        1   0.0667      5.3        0
      50        :19@CA_:29@CA        1   0.0667      5.3        0
      51         :8@CA_:21@CA        1   0.0667     5.37 5.96e-08
      52         :21@CA_:8@CA        1   0.0667     5.37 5.96e-08
      53         :9@CA_:20@CA        1   0.0667     5.48        0
      54         :20@CA_:9@CA        1   0.0667     5.48        0
      55        :28@CA_:22@CA        1   0.0667     5.65        0
      56        :22@CA_:28@CA        1   0.0667     5.65        0
      57         :2@CA_:34@CA        1   0.0667     5.73 8.43e-08
      58         :34@CA_:2@CA        1   0.0667     5.73 8.43e-08
      59        :27@CA_:21@CA        1   0.0667     5.87 8.43e-08
      60        :21@CA_:27@CA        1   0.0667     5.87 8.43e-08
      61        :31@CA_:19@CA        1   0.0667      6.3        0
      62        :19@CA_:31@CA        1   0.0667      6.3        0
      63          :4@CA_:9@CA        1   0.0667     6.32        0
      64          :9@CA_:4@CA        1   0.0667     6.32        0
      65        :30@CA_:20@CA        1   0.0667     6.44 8.43e-08
      66        :20@CA_:30@CA        1   0.0667     6.44 8.43e-08
      67        :21@CA_:28@CA        1   0.0667     6.46        0
      68        :28@CA_:21@CA        1   0.0667     6.46        0
      69         :7@CA_:23@CA        1   0.0667     6.53        0
      70         :23@CA_:7@CA        1   0.0667     6.53        0
      71        :18@CA_:13@CA        1   0.0667     6.67        0
      72        :13@CA_:18@CA        1   0.0667     6.67        0
      73        :19@CA_:12@CA        1   0.0667     6.69 8.43e-08
      74        :12@CA_:19@CA        1   0.0667     6.69 8.43e-08
      75         :9@CA_:21@CA        1   0.0667     6.71        0
      76         :21@CA_:9@CA        1   0.0667     6.71        0
      77         :34@CA_:4@CA        1   0.0667     6.86        0
      78         :4@CA_:34@CA        1   0.0667     6.86        0
      79         :35@CA_:2@CA        0        0        0        0
      80        :30@CA_:19@CA        0        0        0        0
      81         :34@CA_:5@CA        0        0        0        0
      82        :19@CA_:30@CA        0        0        0        0
      83        :28@CA_:20@CA        0        0        0        0
      84         :24@CA_:7@CA        0        0        0        0
      85         :22@CA_:9@CA        0        0        0        0
      86        :20@CA_:28@CA        0        0        0        0
      87         :20@CA_:8@CA        0        0        0        0
      88         :9@CA_:22@CA        0        0        0        0
      89         :8@CA_:20@CA        0        0        0        0
      90         :7@CA_:24@CA        0        0        0        0
      91         :5@CA_:34@CA        0        0        0        0
      92         :2@CA_:35@CA        0        0        0        0
