# Contacts: Contacts_00002
# Native contacts determined from mask ':1-35@CA' and mask ':1-35@CA'
#                     Contact  Nframes    Frac.      Avg    Stdev
       1        :16@CA_:12@CA        7    0.467     5.47    0.978
       2        :12@CA_:16@CA        7    0.467     5.47    0.978
       3         :22@CA_:7@CA        7    0.467     5.68    0.863
       4         :7@CA_:22@CA        7    0.467     5.68    0.863
       5        :10@CA_:18@CA        6      0.4     6.42     0.53
       6        :18@CA_:10@CA        6      0.4     6.42     0.53
       7         :8@CA_:21@CA        5    0.333     5.83    0.918
       8         :21@CA_:8@CA        5    0.333     5.83    0.918
       9        :11@CA_:18@CA        5    0.333     5.99     1.02
      10        :18@CA_:11@CA        5    0.333     5.99     1.02
      11         :20@CA_:9@CA        4    0.267     4.47      1.2
      12         :9@CA_:20@CA        4    0.267     4.47      1.2
      13        :11@CA_:19@CA        4    0.267     5.67    0.776
      14        :19@CA_:11@CA        4    0.267     5.67    0.776
      15        :21@CA_:26@CA        4    0.267     5.92    0.675
      16        :26@CA_:21@CA        4    0.267     5.92    0.675
      17        :27@CA_:22@CA        3      0.2     5.27     1.04
      18        :22@CA_:27@CA        3      0.2     5.27     1.04
      19        :19@CA_:10@CA        3      0.2     5.32     1.36
      20        :10@CA_:19@CA        3      0.2     5.32     1.36
      21        :12@CA_:18@CA        3      0.2     5.34     1.79
      22        :18@CA_:12@CA        3      0.2     5.34     1.79
      23        :22@CA_:28@CA        3      0.2     5.74     1.04
      24        :28@CA_:22@CA        3      0.2     5.74     1.04
      25        :27@CA_:21@CA        3      0.2     5.83    0.837
      26        :21@CA_:27@CA        3      0.2     5.83    0.837
      27        :11@CA_:20@CA        3      0.2     5.92    0.983
      28        :20@CA_:11@CA        3      0.2     5.92    0.983
      29          :8@CA_:4@CA        3      0.2     6.28    0.718
      30          :4@CA_:8@CA        3      0.2     6.28    0.718
      31        :12@CA_:17@CA        3      0.2      6.4    0.507
      32        :17@CA_:12@CA        3      0.2      6.4    0.507
      33         :20@CA_:8@CA        3      0.2      6.5    0.299
      34         :8@CA_:20@CA        3      0.2      6.5    0.299
      35        :13@CA_:17@CA        3      0.2     6.72    0.159
      36        :17@CA_:13@CA        3      0.2     6.72    0.159
      37        :28@CA_:21@CA        2    0.133     4.11    0.424
      38        :21@CA_:28@CA        2    0.133     4.11    0.424
      39         :21@CA_:9@CA        2    0.133     4.22     1.33
      40         :9@CA_:21@CA        2    0.133     4.22     1.33
      41         :8@CA_:22@CA        2    0.133     5.22    0.217
      42         :22@CA_:8@CA        2    0.133     5.22    0.217
      43        :30@CA_:19@CA        2    0.133     5.23    0.783
      44        :19@CA_:30@CA        2    0.133     5.23    0.783
      45        :22@CA_:26@CA        2    0.133     5.39    0.594
      46        :26@CA_:22@CA        2    0.133     5.39    0.594
      47        :10@CA_:20@CA        2    0.133     5.41  0.00921
      48        :20@CA_:10@CA        2    0.133     5.41  0.00921
      49         :23@CA_:7@CA        2    0.133     5.57    0.743
      50         :7@CA_:23@CA        2    0.133     5.57    0.743
      51        :21@CA_:29@CA        2    0.133     5.78    0.694
      52        :29@CA_:21@CA        2    0.133     5.78    0.694
      53        :19@CA_:12@CA        2    0.133     6.22    0.145
      54        :12@CA_:19@CA        2    0.133     6.22    0.145
      55        :11@CA_:21@CA        2    0.133     6.85    0.108
      56        :21@CA_:11@CA        2    0.133     6.85    0.108
      57        :29@CA_:20@CA        1   0.0667      4.5        0
      58        :20@CA_:29@CA        1   0.0667      4.5        0
      59        :31@CA_:19@CA        1   0.0667     4.61        0
      60        :19@CA_:31@CA        1   0.0667     4.61        0
      61        :20@CA_:30@CA        1   0.0667     4.89 5.96e-08
      62        :30@CA_:20@CA        1   0.0667     4.89 5.96e-08
      63        :28@CA_:20@CA        1   0.0667     4.91 5.96e-08
      64        :20@CA_:28@CA        1   0.0667     4.91 5.96e-08
      65         :33@CA_:4@CA        1   0.0667     5.33        0
      66         :4@CA_:33@CA        1   0.0667     5.33        0
      67         :9@CA_:22@CA        1   0.0667     5.36        0
      68         :22@CA_:9@CA        1   0.0667     5.36        0
      69         :5@CA_:34@CA        1   0.0667     5.77        0
      70         :34@CA_:5@CA        1   0.0667     5.77        0
      71         :23@CA_:8@CA        1   0.0667     5.94        0
      72         :8@CA_:23@CA        1   0.0667     5.94        0
      73         :24@CA_:7@CA        1   0.0667     6.12        0
      74         :7@CA_:24@CA        1   0.0667     6.12        0
      75        :13@CA_:19@CA        1   0.0667     6.27        0
      76        :19@CA_:13@CA        1   0.0667     6.27        0
      77        :32@CA_:20@CA        1   0.0667     6.36        0
      78        :20@CA_:32@CA        1   0.0667     6.36        0
      79         :35@CA_:2@CA        1   0.0667     6.43        0
      80         :2@CA_:35@CA        1   0.0667     6.43        0
      81        :21@CA_:10@CA        0        0        0        0
      82        :29@CA_:19@CA        0        0        0        0
      83        :19@CA_:29@CA        0        0        0        0
      84        :18@CA_:13@CA        0        0        0        0
      85        :13@CA_:18@CA        0        0        0        0
      86        :10@CA_:21@CA        0        0        0        0
      87          :9@CA_:4@CA        0        0        0        0
      88         :4@CA_:34@CA        0        0        0        0
      89          :4@CA_:9@CA        0        0        0        0
      90         :34@CA_:2@CA        0        0        0        0
      91         :34@CA_:4@CA        0        0        0        0
      92         :2@CA_:34@CA        0        0        0        0
