# Contacts: Contacts_00002
# Native contacts determined from mask ':1-35@CA' and mask ':1-35@CA'
#                     Contact  Nframes    Frac.      Avg    Stdev
       1        :16@CA_:12@CA        6      0.4     5.84    0.575
       2        :12@CA_:16@CA        6      0.4     5.84    0.575
       3        :26@CA_:22@CA        5    0.333      5.7    0.997
       4        :22@CA_:26@CA        5    0.333      5.7    0.997
       5          :4@CA_:8@CA        5    0.333        6    0.657
       6          :8@CA_:4@CA        5    0.333        6    0.657
       7        :17@CA_:13@CA        4    0.267     6.32    0.514
       8        :13@CA_:17@CA        4    0.267     6.32    0.514
       9        :20@CA_:30@CA        3      0.2     5.38    0.743
      10        :30@CA_:20@CA        3      0.2     5.38    0.743
      11        :18@CA_:11@CA        3      0.2     5.47   0.0849
      12        :11@CA_:18@CA        3      0.2     5.47   0.0849
      13        :11@CA_:20@CA        3      0.2     5.84    0.829
      14        :20@CA_:11@CA        3      0.2     5.84    0.829
      15        :21@CA_:10@CA        3      0.2     6.02      0.2
      16        :10@CA_:21@CA        3      0.2     6.02      0.2
      17         :20@CA_:9@CA        3      0.2      6.2    0.901
      18         :9@CA_:20@CA        3      0.2      6.2    0.901
      19        :19@CA_:29@CA        2    0.133     4.75   0.0888
      20        :29@CA_:19@CA        2    0.133     4.75   0.0888
      21         :34@CA_:5@CA        2    0.133      5.2     1.65
      22         :5@CA_:34@CA        2    0.133      5.2     1.65
      23        :18@CA_:13@CA        2    0.133     5.43    0.264
      24        :13@CA_:18@CA        2    0.133     5.43    0.264
      25        :19@CA_:30@CA        2    0.133     5.45    0.714
      26        :30@CA_:19@CA        2    0.133     5.45    0.714
      27        :18@CA_:12@CA        2    0.133      5.5     1.06
      28        :12@CA_:18@CA        2    0.133      5.5     1.06
      29         :7@CA_:22@CA        2    0.133      5.6    0.295
      30         :22@CA_:7@CA        2    0.133      5.6    0.295
      31        :20@CA_:10@CA        2    0.133     5.95    0.895
      32        :10@CA_:20@CA        2    0.133     5.95    0.895
      33        :12@CA_:19@CA        2    0.133     6.22    0.485
      34        :19@CA_:12@CA        2    0.133     6.22    0.485
      35        :12@CA_:17@CA        2    0.133      6.4    0.135
      36        :17@CA_:12@CA        2    0.133      6.4    0.135
      37        :26@CA_:21@CA        2    0.133     6.71    0.141
      38        :21@CA_:26@CA        2    0.133     6.71    0.141
      39        :20@CA_:28@CA        1   0.0667     2.85        0
      40        :28@CA_:20@CA        1   0.0667     2.85        0
      41        :20@CA_:32@CA        1   0.0667     3.87        0
      42        :32@CA_:20@CA        1   0.0667     3.87        0
      43        :29@CA_:20@CA        1   0.0667     4.31        0
      44        :20@CA_:29@CA        1   0.0667     4.31        0
      45        :18@CA_:10@CA        1   0.0667     4.54        0
      46        :10@CA_:18@CA        1   0.0667     4.54        0
      47         :8@CA_:22@CA        1   0.0667     4.87        0
      48         :22@CA_:8@CA        1   0.0667     4.87        0
      49        :19@CA_:11@CA        1   0.0667     4.88 5.96e-08
      50        :11@CA_:19@CA        1   0.0667     4.88 5.96e-08
      51        :11@CA_:21@CA        1   0.0667     4.93        0
      52        :21@CA_:11@CA        1   0.0667     4.93        0
      53        :27@CA_:22@CA        1   0.0667     5.01        0
      54        :22@CA_:27@CA        1   0.0667     5.01        0
      55          :9@CA_:4@CA        1   0.0667     5.02        0
      56          :4@CA_:9@CA        1   0.0667     5.02        0
      57        :19@CA_:13@CA        1   0.0667     5.18        0
      58        :13@CA_:19@CA        1   0.0667     5.18        0
      59        :19@CA_:31@CA        1   0.0667     5.53 5.96e-08
      60        :31@CA_:19@CA        1   0.0667     5.53 5.96e-08
      61         :23@CA_:7@CA        1   0.0667     5.61 5.96e-08
      62         :7@CA_:23@CA        1   0.0667     5.61 5.96e-08
      63         :4@CA_:34@CA        1   0.0667     6.63        0
      64         :34@CA_:4@CA        1   0.0667     6.63        0
      65         :23@CA_:8@CA        1   0.0667     6.72        0
      66         :8@CA_:23@CA        1   0.0667     6.72        0
      67        :10@CA_:19@CA        1   0.0667     6.78        0
      68        :19@CA_:10@CA        1   0.0667     6.78        0
      69        :27@CA_:21@CA        1   0.0667     6.96        0
      70        :21@CA_:27@CA        1   0.0667     6.96        0
      71         :2@CA_:34@CA        0        0        0        0
      72         :35@CA_:2@CA        0        0        0        0
      73        :28@CA_:21@CA        0        0        0        0
      74        :28@CA_:22@CA        0        0        0        0
      75         :34@CA_:2@CA        0        0        0        0
      76         :33@CA_:4@CA        0        0        0        0
      77        :29@CA_:21@CA        0        0        0        0
      78         :24@CA_:7@CA        0        0        0        0
      79        :22@CA_:28@CA        0        0        0        0
      80         :22@CA_:9@CA        0        0        0        0
      81        :21@CA_:29@CA        0        0        0        0
      82        :21@CA_:28@CA        0        0        0        0
      83         :21@CA_:9@CA        0        0        0        0
      84         :21@CA_:8@CA        0        0        0        0
      85         :20@CA_:8@CA        0        0        0        0
      86         :9@CA_:22@CA        0        0        0        0
      87         :9@CA_:21@CA        0        0        0        0
      88         :8@CA_:21@CA        0        0        0        0
      89         :8@CA_:20@CA        0        0        0        0
      90         :7@CA_:24@CA        0        0        0        0
      91         :4@CA_:33@CA        0        0        0        0
      92         :2@CA_:35@CA        0        0        0        0
