# Contacts: Contacts_00002
# Native contacts determined from mask ':1-35@CA' and mask ':1-35@CA'
#                     Contact  Nframes    Frac.      Avg    Stdev
       1          :4@CA_:8@CA        6      0.4     5.58    0.553
       2          :8@CA_:4@CA        6      0.4     5.58    0.553
       3        :16@CA_:12@CA        5    0.333     5.77     1.12
       4        :12@CA_:16@CA        5    0.333     5.77     1.12
       5        :22@CA_:26@CA        4    0.267     5.67    0.349
       6        :26@CA_:22@CA        4    0.267     5.67    0.349
       7        :20@CA_:29@CA        4    0.267     6.23    0.732
       8        :29@CA_:20@CA        4    0.267     6.23    0.732
       9        :18@CA_:12@CA        3      0.2     4.98     1.13
      10        :12@CA_:18@CA        3      0.2     4.98     1.13
      11        :12@CA_:17@CA        3      0.2     5.26    0.408
      12        :17@CA_:12@CA        3      0.2     5.26    0.408
      13        :26@CA_:21@CA        3      0.2     5.91    0.792
      14        :21@CA_:26@CA        3      0.2     5.91    0.792
      15        :12@CA_:19@CA        3      0.2     6.05     1.08
      16        :19@CA_:12@CA        3      0.2     6.05     1.08
      17        :18@CA_:11@CA        3      0.2     6.17    0.546
      18        :11@CA_:18@CA        3      0.2     6.17    0.546
      19        :13@CA_:17@CA        2    0.133     4.43    0.635
      20        :17@CA_:13@CA        2    0.133     4.43    0.635
      21        :20@CA_:30@CA        2    0.133     4.77    0.228
      22        :30@CA_:20@CA        2    0.133     4.77    0.228
      23        :19@CA_:13@CA        2    0.133     4.92    0.389
      24        :13@CA_:19@CA        2    0.133     4.92    0.389
      25        :18@CA_:13@CA        2    0.133     5.33     1.34
      26        :13@CA_:18@CA        2    0.133     5.33     1.34
      27        :22@CA_:27@CA        2    0.133     5.36    0.479
      28        :27@CA_:22@CA        2    0.133     5.36    0.479
      29        :20@CA_:28@CA        2    0.133     6.11    0.211
      30        :28@CA_:20@CA        2    0.133     6.11    0.211
      31        :10@CA_:18@CA        2    0.133     6.15    0.351
      32        :18@CA_:10@CA        2    0.133     6.15    0.351
      33        :20@CA_:11@CA        2    0.133     6.17    0.486
      34        :11@CA_:20@CA        2    0.133     6.17    0.486
      35          :9@CA_:4@CA        2    0.133     6.82  0.00346
      36          :4@CA_:9@CA        2    0.133     6.82  0.00346
      37        :10@CA_:21@CA        1   0.0667     4.01 5.96e-08
      38        :21@CA_:10@CA        1   0.0667     4.01 5.96e-08
      39         :2@CA_:35@CA        1   0.0667     4.92        0
      40         :35@CA_:2@CA        1   0.0667     4.92        0
      41        :19@CA_:29@CA        1   0.0667     5.16        0
      42        :29@CA_:19@CA        1   0.0667     5.16        0
      43         :22@CA_:7@CA        1   0.0667     5.56        0
      44         :7@CA_:22@CA        1   0.0667     5.56        0
      45        :11@CA_:21@CA        1   0.0667     5.74        0
      46        :21@CA_:11@CA        1   0.0667     5.74        0
      47         :34@CA_:5@CA        1   0.0667     5.75        0
      48         :5@CA_:34@CA        1   0.0667     5.75        0
      49        :21@CA_:28@CA        1   0.0667     5.79        0
      50        :28@CA_:21@CA        1   0.0667     5.79        0
      51         :9@CA_:21@CA        1   0.0667     5.85        0
      52         :21@CA_:9@CA        1   0.0667     5.85        0
      53        :22@CA_:28@CA        1   0.0667     5.86        0
      54        :28@CA_:22@CA        1   0.0667     5.86        0
      55         :24@CA_:7@CA        1   0.0667     6.03        0
      56         :7@CA_:24@CA        1   0.0667     6.03        0
      57        :31@CA_:19@CA        1   0.0667      6.1        0
      58        :19@CA_:31@CA        1   0.0667      6.1        0
      59        :30@CA_:19@CA        1   0.0667     6.45        0
      60        :19@CA_:30@CA        1   0.0667     6.45        0
      61         :21@CA_:8@CA        1   0.0667     6.47        0
      62         :8@CA_:21@CA        1   0.0667     6.47        0
      63         :4@CA_:33@CA        1   0.0667      6.5        0
      64         :33@CA_:4@CA        1   0.0667      6.5        0
      65         :9@CA_:20@CA        1   0.0667     6.83        0
      66         :20@CA_:9@CA        1   0.0667     6.83        0
      67        :27@CA_:21@CA        1   0.0667     6.84        0
      68        :21@CA_:27@CA        1   0.0667     6.84        0
      69         :4@CA_:34@CA        0        0        0        0
      70        :29@CA_:21@CA        0        0        0        0
      71        :32@CA_:20@CA        0        0        0        0
      72         :34@CA_:2@CA        0        0        0        0
      73         :34@CA_:4@CA        0        0        0        0
      74         :2@CA_:34@CA        0        0        0        0
      75         :22@CA_:9@CA        0        0        0        0
      76        :20@CA_:32@CA        0        0        0        0
      77        :19@CA_:10@CA        0        0        0        0
      78        :19@CA_:11@CA        0        0        0        0
      79        :11@CA_:19@CA        0        0        0        0
      80        :10@CA_:20@CA        0        0        0        0
      81         :20@CA_:8@CA        0        0        0        0
      82        :20@CA_:10@CA        0        0        0        0
      83        :10@CA_:19@CA        0        0        0        0
      84         :9@CA_:22@CA        0        0        0        0
      85         :7@CA_:23@CA        0        0        0        0
      86         :8@CA_:23@CA        0        0        0        0
      87         :8@CA_:22@CA        0        0        0        0
      88        :21@CA_:29@CA        0        0        0        0
      89         :22@CA_:8@CA        0        0        0        0
      90         :8@CA_:20@CA        0        0        0        0
      91         :23@CA_:7@CA        0        0        0        0
      92         :23@CA_:8@CA        0        0        0        0
