# Contacts: Contacts_00002
# Native contacts determined from mask ':1-35@CA' and mask ':1-35@CA'
#                     Contact  Nframes    Frac.      Avg    Stdev
       1          :4@CA_:8@CA        7    0.467     5.64    0.902
       2          :8@CA_:4@CA        7    0.467     5.64    0.902
       3        :26@CA_:22@CA        4    0.267     6.04    0.318
       4        :22@CA_:26@CA        4    0.267     6.04    0.318
       5        :16@CA_:12@CA        4    0.267     6.33    0.716
       6        :12@CA_:16@CA        4    0.267     6.33    0.716
       7        :18@CA_:12@CA        2    0.133      4.7     0.43
       8        :12@CA_:18@CA        2    0.133      4.7     0.43
       9        :18@CA_:11@CA        2    0.133     5.56    0.163
      10        :11@CA_:18@CA        2    0.133     5.56    0.163
      11        :11@CA_:20@CA        2    0.133     5.94     0.03
      12        :20@CA_:11@CA        2    0.133     5.94     0.03
      13        :12@CA_:19@CA        2    0.133     6.18    0.658
      14        :19@CA_:12@CA        2    0.133     6.18    0.658
      15        :13@CA_:17@CA        2    0.133     6.81  0.00159
      16        :17@CA_:13@CA        2    0.133     6.81  0.00159
      17         :8@CA_:20@CA        2    0.133     6.88   0.0601
      18         :20@CA_:8@CA        2    0.133     6.88   0.0601
      19        :13@CA_:19@CA        1   0.0667     3.54        0
      20        :19@CA_:13@CA        1   0.0667     3.54        0
      21        :13@CA_:18@CA        1   0.0667     4.08        0
      22        :18@CA_:13@CA        1   0.0667     4.08        0
      23         :23@CA_:7@CA        1   0.0667      4.1        0
      24         :7@CA_:23@CA        1   0.0667      4.1        0
      25         :23@CA_:8@CA        1   0.0667     4.49        0
      26         :8@CA_:23@CA        1   0.0667     4.49        0
      27        :11@CA_:21@CA        1   0.0667     5.37        0
      28        :21@CA_:11@CA        1   0.0667     5.37        0
      29        :17@CA_:12@CA        1   0.0667     5.68 8.43e-08
      30        :12@CA_:17@CA        1   0.0667     5.68 8.43e-08
      31        :27@CA_:22@CA        1   0.0667     6.24        0
      32        :22@CA_:27@CA        1   0.0667     6.24        0
      33         :24@CA_:7@CA        1   0.0667      6.4        0
      34         :7@CA_:24@CA        1   0.0667      6.4        0
      35        :29@CA_:19@CA        1   0.0667     6.46        0
      36        :19@CA_:29@CA        1   0.0667     6.46        0
      37        :20@CA_:30@CA        1   0.0667     6.57        0
      38        :30@CA_:20@CA        1   0.0667     6.57        0
      39        :10@CA_:19@CA        1   0.0667     6.65        0
      40        :19@CA_:10@CA        1   0.0667     6.65        0
      41        :22@CA_:28@CA        0        0        0        0
      42         :22@CA_:9@CA        0        0        0        0
      43         :22@CA_:8@CA        0        0        0        0
      44         :22@CA_:7@CA        0        0        0        0
      45        :21@CA_:29@CA        0        0        0        0
      46        :19@CA_:30@CA        0        0        0        0
      47        :21@CA_:28@CA        0        0        0        0
      48        :26@CA_:21@CA        0        0        0        0
      49        :27@CA_:21@CA        0        0        0        0
      50        :28@CA_:20@CA        0        0        0        0
      51        :28@CA_:21@CA        0        0        0        0
      52        :28@CA_:22@CA        0        0        0        0
      53        :29@CA_:20@CA        0        0        0        0
      54        :29@CA_:21@CA        0        0        0        0
      55        :30@CA_:19@CA        0        0        0        0
      56        :31@CA_:19@CA        0        0        0        0
      57        :32@CA_:20@CA        0        0        0        0
      58         :33@CA_:4@CA        0        0        0        0
      59         :34@CA_:2@CA        0        0        0        0
      60         :34@CA_:4@CA        0        0        0        0
      61         :34@CA_:5@CA        0        0        0        0
      62         :35@CA_:2@CA        0        0        0        0
      63        :10@CA_:21@CA        0        0        0        0
      64         :2@CA_:35@CA        0        0        0        0
      65          :4@CA_:9@CA        0        0        0        0
      66         :4@CA_:33@CA        0        0        0        0
      67         :4@CA_:34@CA        0        0        0        0
      68         :5@CA_:34@CA        0        0        0        0
      69         :7@CA_:22@CA        0        0        0        0
      70         :8@CA_:21@CA        0        0        0        0
      71         :8@CA_:22@CA        0        0        0        0
      72          :9@CA_:4@CA        0        0        0        0
      73         :9@CA_:20@CA        0        0        0        0
      74         :9@CA_:21@CA        0        0        0        0
      75         :9@CA_:22@CA        0        0        0        0
      76        :10@CA_:18@CA        0        0        0        0
      77        :10@CA_:20@CA        0        0        0        0
      78        :21@CA_:27@CA        0        0        0        0
      79        :11@CA_:19@CA        0        0        0        0
      80        :18@CA_:10@CA        0        0        0        0
      81        :19@CA_:11@CA        0        0        0        0
      82         :2@CA_:34@CA        0        0        0        0
      83        :19@CA_:31@CA        0        0        0        0
      84         :20@CA_:9@CA        0        0        0        0
      85        :20@CA_:10@CA        0        0        0        0
      86        :20@CA_:28@CA        0        0        0        0
      87        :20@CA_:29@CA        0        0        0        0
      88        :20@CA_:32@CA        0        0        0        0
      89         :21@CA_:8@CA        0        0        0        0
      90         :21@CA_:9@CA        0        0        0        0
      91        :21@CA_:10@CA        0        0        0        0
      92        :21@CA_:26@CA        0        0        0        0
