# Contacts: Contacts_00002
# Native contacts determined from mask ':1-35@CA' and mask ':1-35@CA'
#                     Contact  Nframes    Frac.      Avg    Stdev
       1          :4@CA_:8@CA        7    0.467     5.66     0.92
       2          :8@CA_:4@CA        7    0.467     5.66     0.92
       3         :21@CA_:8@CA        5    0.333     5.65     1.59
       4         :8@CA_:21@CA        5    0.333     5.65     1.59
       5        :16@CA_:12@CA        4    0.267     5.51     1.47
       6        :12@CA_:16@CA        4    0.267     5.51     1.47
       7        :30@CA_:20@CA        3      0.2     5.07     1.16
       8        :20@CA_:30@CA        3      0.2     5.07     1.16
       9        :18@CA_:13@CA        3      0.2     5.18     1.03
      10        :13@CA_:18@CA        3      0.2     5.18     1.03
      11        :30@CA_:19@CA        2    0.133     4.15     1.57
      12        :19@CA_:30@CA        2    0.133     4.15     1.57
      13         :35@CA_:2@CA        2    0.133     4.67     1.12
      14         :2@CA_:35@CA        2    0.133     4.67     1.12
      15        :21@CA_:11@CA        2    0.133     4.76      1.4
      16        :11@CA_:21@CA        2    0.133     4.76      1.4
      17        :17@CA_:13@CA        2    0.133     5.23    0.861
      18        :13@CA_:17@CA        2    0.133     5.23    0.861
      19        :26@CA_:22@CA        2    0.133     5.64    0.417
      20        :22@CA_:26@CA        2    0.133     5.64    0.417
      21        :28@CA_:20@CA        2    0.133     5.66    0.558
      22        :20@CA_:28@CA        2    0.133     5.66    0.558
      23         :23@CA_:7@CA        2    0.133     5.94    0.638
      24         :7@CA_:23@CA        2    0.133     5.94    0.638
      25         :22@CA_:7@CA        2    0.133     6.27   0.0296
      26         :7@CA_:22@CA        2    0.133     6.27   0.0296
      27         :9@CA_:21@CA        2    0.133     6.29   0.0662
      28         :21@CA_:9@CA        2    0.133     6.29   0.0662
      29        :26@CA_:21@CA        2    0.133     6.44   0.0353
      30        :21@CA_:26@CA        2    0.133     6.44   0.0353
      31        :18@CA_:12@CA        2    0.133     6.65    0.321
      32        :12@CA_:18@CA        2    0.133     6.65    0.321
      33         :4@CA_:34@CA        1   0.0667     2.92 4.21e-08
      34         :34@CA_:4@CA        1   0.0667     2.92 4.21e-08
      35         :22@CA_:9@CA        1   0.0667     3.99        0
      36         :9@CA_:22@CA        1   0.0667     3.99        0
      37         :23@CA_:8@CA        1   0.0667     4.15 5.96e-08
      38         :8@CA_:23@CA        1   0.0667     4.15 5.96e-08
      39        :10@CA_:20@CA        1   0.0667     4.28        0
      40        :20@CA_:10@CA        1   0.0667     4.28        0
      41        :29@CA_:20@CA        1   0.0667     4.55        0
      42        :20@CA_:29@CA        1   0.0667     4.55        0
      43         :2@CA_:34@CA        1   0.0667     4.57        0
      44         :34@CA_:2@CA        1   0.0667     4.57        0
      45        :11@CA_:19@CA        1   0.0667     5.02        0
      46        :19@CA_:11@CA        1   0.0667     5.02        0
      47        :27@CA_:21@CA        1   0.0667     5.28 5.96e-08
      48        :21@CA_:27@CA        1   0.0667     5.28 5.96e-08
      49        :19@CA_:29@CA        1   0.0667     5.33        0
      50        :29@CA_:19@CA        1   0.0667     5.33        0
      51         :9@CA_:20@CA        1   0.0667     5.48 5.96e-08
      52         :20@CA_:9@CA        1   0.0667     5.48 5.96e-08
      53        :11@CA_:20@CA        1   0.0667     5.71 8.43e-08
      54        :20@CA_:11@CA        1   0.0667     5.71 8.43e-08
      55          :9@CA_:4@CA        1   0.0667     5.84 8.43e-08
      56          :4@CA_:9@CA        1   0.0667     5.84 8.43e-08
      57        :13@CA_:19@CA        1   0.0667     5.93        0
      58        :19@CA_:13@CA        1   0.0667     5.93        0
      59        :28@CA_:22@CA        1   0.0667     6.01        0
      60        :22@CA_:28@CA        1   0.0667     6.01        0
      61        :31@CA_:19@CA        1   0.0667     6.05        0
      62        :19@CA_:31@CA        1   0.0667     6.05        0
      63        :12@CA_:17@CA        1   0.0667     6.11        0
      64        :17@CA_:12@CA        1   0.0667     6.11        0
      65        :12@CA_:19@CA        1   0.0667     6.25 8.43e-08
      66        :19@CA_:12@CA        1   0.0667     6.25 8.43e-08
      67         :4@CA_:33@CA        1   0.0667     6.26        0
      68         :33@CA_:4@CA        1   0.0667     6.26        0
      69        :18@CA_:10@CA        1   0.0667     6.65 8.43e-08
      70        :10@CA_:18@CA        1   0.0667     6.65 8.43e-08
      71        :10@CA_:21@CA        1   0.0667     6.84 8.43e-08
      72        :21@CA_:10@CA        1   0.0667     6.84 8.43e-08
      73        :18@CA_:11@CA        1   0.0667     6.93 8.43e-08
      74        :11@CA_:18@CA        1   0.0667     6.93 8.43e-08
      75         :34@CA_:5@CA        1   0.0667     6.97        0
      76         :5@CA_:34@CA        1   0.0667     6.97        0
      77        :20@CA_:32@CA        0        0        0        0
      78        :22@CA_:27@CA        0        0        0        0
      79         :8@CA_:22@CA        0        0        0        0
      80        :19@CA_:10@CA        0        0        0        0
      81        :32@CA_:20@CA        0        0        0        0
      82         :20@CA_:8@CA        0        0        0        0
      83         :7@CA_:24@CA        0        0        0        0
      84        :10@CA_:19@CA        0        0        0        0
      85        :29@CA_:21@CA        0        0        0        0
      86         :24@CA_:7@CA        0        0        0        0
      87         :8@CA_:20@CA        0        0        0        0
      88        :21@CA_:28@CA        0        0        0        0
      89        :28@CA_:21@CA        0        0        0        0
      90        :21@CA_:29@CA        0        0        0        0
      91        :27@CA_:22@CA        0        0        0        0
      92         :22@CA_:8@CA        0        0        0        0
