# Contacts: Contacts_00002
# Native contacts determined from mask ':1-35@CA' and mask ':1-35@CA'
#                     Contact  Nframes    Frac.      Avg    Stdev
       1          :4@CA_:8@CA        7    0.467      5.1     1.35
       2          :8@CA_:4@CA        7    0.467      5.1     1.35
       3        :17@CA_:13@CA        6      0.4     6.06    0.488
       4        :13@CA_:17@CA        6      0.4     6.06    0.488
       5        :12@CA_:18@CA        4    0.267      5.4     1.35
       6        :18@CA_:12@CA        4    0.267      5.4     1.35
       7        :12@CA_:16@CA        4    0.267     5.61     0.94
       8        :16@CA_:12@CA        4    0.267     5.61     0.94
       9        :12@CA_:17@CA        3      0.2     6.43   0.0494
      10        :17@CA_:12@CA        3      0.2     6.43   0.0494
      11        :19@CA_:12@CA        2    0.133     3.73    0.092
      12        :12@CA_:19@CA        2    0.133     3.73    0.092
      13        :11@CA_:19@CA        2    0.133     4.06     0.69
      14        :19@CA_:11@CA        2    0.133     4.06     0.69
      15         :9@CA_:20@CA        2    0.133     4.29    0.125
      16         :20@CA_:9@CA        2    0.133     4.29    0.125
      17        :13@CA_:18@CA        2    0.133     5.24    0.747
      18        :18@CA_:13@CA        2    0.133     5.24    0.747
      19         :35@CA_:2@CA        2    0.133     5.37     1.47
      20         :2@CA_:35@CA        2    0.133     5.37     1.47
      21        :10@CA_:18@CA        2    0.133     5.49    0.447
      22        :18@CA_:10@CA        2    0.133     5.49    0.447
      23        :20@CA_:29@CA        2    0.133     5.61    0.898
      24        :29@CA_:20@CA        2    0.133     5.61    0.898
      25        :11@CA_:18@CA        2    0.133     5.67    0.413
      26        :18@CA_:11@CA        2    0.133     5.67    0.413
      27        :20@CA_:30@CA        2    0.133      5.7    0.571
      28        :30@CA_:20@CA        2    0.133      5.7    0.571
      29         :22@CA_:7@CA        2    0.133     5.74    0.433
      30         :7@CA_:22@CA        2    0.133     5.74    0.433
      31        :21@CA_:10@CA        2    0.133     5.75    0.241
      32        :10@CA_:21@CA        2    0.133     5.75    0.241
      33        :20@CA_:28@CA        2    0.133     5.76    0.527
      34        :28@CA_:20@CA        2    0.133     5.76    0.527
      35         :22@CA_:9@CA        2    0.133     6.31     0.66
      36         :9@CA_:22@CA        2    0.133     6.31     0.66
      37        :22@CA_:26@CA        2    0.133     6.42    0.552
      38        :26@CA_:22@CA        2    0.133     6.42    0.552
      39         :21@CA_:9@CA        1   0.0667     2.87        0
      40         :9@CA_:21@CA        1   0.0667     2.87        0
      41         :8@CA_:22@CA        1   0.0667     4.02        0
      42         :22@CA_:8@CA        1   0.0667     4.02        0
      43        :28@CA_:21@CA        1   0.0667     4.18        0
      44        :21@CA_:28@CA        1   0.0667     4.18        0
      45        :28@CA_:22@CA        1   0.0667     4.49        0
      46        :22@CA_:28@CA        1   0.0667     4.49        0
      47        :21@CA_:11@CA        1   0.0667     4.77        0
      48        :11@CA_:21@CA        1   0.0667     4.77        0
      49        :29@CA_:21@CA        1   0.0667     5.27        0
      50        :21@CA_:29@CA        1   0.0667     5.27        0
      51         :2@CA_:34@CA        1   0.0667      5.6 5.96e-08
      52         :34@CA_:2@CA        1   0.0667      5.6 5.96e-08
      53        :31@CA_:19@CA        1   0.0667      5.9        0
      54        :19@CA_:31@CA        1   0.0667      5.9        0
      55         :20@CA_:8@CA        1   0.0667      5.9        0
      56         :8@CA_:20@CA        1   0.0667      5.9        0
      57        :19@CA_:30@CA        1   0.0667     5.96        0
      58        :30@CA_:19@CA        1   0.0667     5.96        0
      59        :19@CA_:10@CA        1   0.0667     6.25        0
      60        :10@CA_:19@CA        1   0.0667     6.25        0
      61        :19@CA_:13@CA        1   0.0667     6.46        0
      62        :13@CA_:19@CA        1   0.0667     6.46        0
      63        :10@CA_:20@CA        1   0.0667     6.58 8.43e-08
      64        :20@CA_:10@CA        1   0.0667     6.58 8.43e-08
      65        :11@CA_:20@CA        1   0.0667     6.74        0
      66        :20@CA_:11@CA        1   0.0667     6.74        0
      67         :23@CA_:8@CA        1   0.0667     6.76        0
      68         :8@CA_:23@CA        1   0.0667     6.76        0
      69        :19@CA_:29@CA        0        0        0        0
      70         :34@CA_:5@CA        0        0        0        0
      71         :34@CA_:4@CA        0        0        0        0
      72          :9@CA_:4@CA        0        0        0        0
      73         :33@CA_:4@CA        0        0        0        0
      74        :32@CA_:20@CA        0        0        0        0
      75         :8@CA_:21@CA        0        0        0        0
      76         :7@CA_:24@CA        0        0        0        0
      77         :7@CA_:23@CA        0        0        0        0
      78         :5@CA_:34@CA        0        0        0        0
      79        :29@CA_:19@CA        0        0        0        0
      80         :4@CA_:34@CA        0        0        0        0
      81         :4@CA_:33@CA        0        0        0        0
      82        :21@CA_:27@CA        0        0        0        0
      83        :27@CA_:22@CA        0        0        0        0
      84        :27@CA_:21@CA        0        0        0        0
      85          :4@CA_:9@CA        0        0        0        0
      86        :26@CA_:21@CA        0        0        0        0
      87         :24@CA_:7@CA        0        0        0        0
      88         :23@CA_:7@CA        0        0        0        0
      89        :22@CA_:27@CA        0        0        0        0
      90        :20@CA_:32@CA        0        0        0        0
      91         :21@CA_:8@CA        0        0        0        0
      92        :21@CA_:26@CA        0        0        0        0
