# Contacts: Contacts_00002
# Native contacts determined from mask ':1-35@CA' and mask ':1-35@CA'
#                     Contact  Nframes    Frac.      Avg    Stdev
       1        :22@CA_:26@CA        8    0.533     6.19    0.802
       2        :26@CA_:22@CA        8    0.533     6.19    0.802
       3          :4@CA_:8@CA        5    0.333     5.54    0.974
       4          :8@CA_:4@CA        5    0.333     5.54    0.974
       5        :12@CA_:16@CA        4    0.267     5.68     1.22
       6        :16@CA_:12@CA        4    0.267     5.68     1.22
       7        :12@CA_:17@CA        3      0.2     4.43    0.575
       8        :17@CA_:12@CA        3      0.2     4.43    0.575
       9        :13@CA_:17@CA        3      0.2     4.71     1.51
      10        :17@CA_:13@CA        3      0.2     4.71     1.51
      11        :11@CA_:19@CA        2    0.133     4.51     1.68
      12        :19@CA_:11@CA        2    0.133     4.51     1.68
      13        :18@CA_:12@CA        2    0.133     5.18     0.94
      14        :12@CA_:18@CA        2    0.133     5.18     0.94
      15        :13@CA_:19@CA        2    0.133     5.35     1.09
      16        :19@CA_:13@CA        2    0.133     5.35     1.09
      17        :19@CA_:12@CA        2    0.133     6.31    0.465
      18        :12@CA_:19@CA        2    0.133     6.31    0.465
      19         :34@CA_:4@CA        1   0.0667     4.35        0
      20         :4@CA_:34@CA        1   0.0667     4.35        0
      21        :11@CA_:18@CA        1   0.0667     5.16        0
      22        :18@CA_:11@CA        1   0.0667     5.16        0
      23         :33@CA_:4@CA        1   0.0667     5.33        0
      24         :4@CA_:33@CA        1   0.0667     5.33        0
      25         :8@CA_:20@CA        1   0.0667     5.39 5.96e-08
      26         :20@CA_:8@CA        1   0.0667     5.39 5.96e-08
      27        :26@CA_:21@CA        1   0.0667      5.4 5.96e-08
      28        :21@CA_:26@CA        1   0.0667      5.4 5.96e-08
      29         :21@CA_:9@CA        1   0.0667     5.69        0
      30         :9@CA_:21@CA        1   0.0667     5.69        0
      31        :21@CA_:29@CA        1   0.0667     5.86 8.43e-08
      32        :29@CA_:21@CA        1   0.0667     5.86 8.43e-08
      33         :21@CA_:8@CA        1   0.0667     5.89        0
      34         :8@CA_:21@CA        1   0.0667     5.89        0
      35        :20@CA_:30@CA        1   0.0667      5.9        0
      36        :30@CA_:20@CA        1   0.0667      5.9        0
      37          :9@CA_:4@CA        1   0.0667     5.91        0
      38          :4@CA_:9@CA        1   0.0667     5.91        0
      39         :2@CA_:35@CA        1   0.0667      6.3 8.43e-08
      40         :35@CA_:2@CA        1   0.0667      6.3 8.43e-08
      41        :28@CA_:20@CA        1   0.0667     6.49        0
      42        :20@CA_:28@CA        1   0.0667     6.49        0
      43        :19@CA_:10@CA        1   0.0667     6.58        0
      44        :10@CA_:19@CA        1   0.0667     6.58        0
      45        :22@CA_:27@CA        0        0        0        0
      46         :2@CA_:34@CA        0        0        0        0
      47        :22@CA_:28@CA        0        0        0        0
      48         :23@CA_:7@CA        0        0        0        0
      49         :23@CA_:8@CA        0        0        0        0
      50         :24@CA_:7@CA        0        0        0        0
      51         :8@CA_:23@CA        0        0        0        0
      52         :8@CA_:22@CA        0        0        0        0
      53        :27@CA_:21@CA        0        0        0        0
      54        :27@CA_:22@CA        0        0        0        0
      55        :28@CA_:21@CA        0        0        0        0
      56        :28@CA_:22@CA        0        0        0        0
      57        :29@CA_:19@CA        0        0        0        0
      58        :29@CA_:20@CA        0        0        0        0
      59         :7@CA_:24@CA        0        0        0        0
      60        :30@CA_:19@CA        0        0        0        0
      61         :7@CA_:23@CA        0        0        0        0
      62        :31@CA_:19@CA        0        0        0        0
      63        :32@CA_:20@CA        0        0        0        0
      64         :7@CA_:22@CA        0        0        0        0
      65         :34@CA_:2@CA        0        0        0        0
      66         :5@CA_:34@CA        0        0        0        0
      67         :34@CA_:5@CA        0        0        0        0
      68        :18@CA_:13@CA        0        0        0        0
      69        :10@CA_:21@CA        0        0        0        0
      70        :18@CA_:10@CA        0        0        0        0
      71        :13@CA_:18@CA        0        0        0        0
      72        :11@CA_:21@CA        0        0        0        0
      73        :19@CA_:29@CA        0        0        0        0
      74        :19@CA_:30@CA        0        0        0        0
      75        :19@CA_:31@CA        0        0        0        0
      76        :11@CA_:20@CA        0        0        0        0
      77         :20@CA_:9@CA        0        0        0        0
      78        :20@CA_:10@CA        0        0        0        0
      79        :20@CA_:11@CA        0        0        0        0
      80        :20@CA_:29@CA        0        0        0        0
      81         :9@CA_:20@CA        0        0        0        0
      82        :20@CA_:32@CA        0        0        0        0
      83        :10@CA_:20@CA        0        0        0        0
      84        :21@CA_:10@CA        0        0        0        0
      85        :21@CA_:11@CA        0        0        0        0
      86        :10@CA_:18@CA        0        0        0        0
      87        :21@CA_:27@CA        0        0        0        0
      88        :21@CA_:28@CA        0        0        0        0
      89         :9@CA_:22@CA        0        0        0        0
      90         :22@CA_:7@CA        0        0        0        0
      91         :22@CA_:8@CA        0        0        0        0
      92         :22@CA_:9@CA        0        0        0        0
