# Contacts: Contacts_00002
# Native contacts determined from mask ':1-35@CA' and mask ':1-35@CA'
#                     Contact  Nframes    Frac.      Avg    Stdev
       1        :17@CA_:13@CA        5    0.333     5.23    0.968
       2        :13@CA_:17@CA        5    0.333     5.23    0.968
       3        :22@CA_:26@CA        5    0.333     5.55    0.505
       4        :26@CA_:22@CA        5    0.333     5.55    0.505
       5        :12@CA_:18@CA        5    0.333     5.99    0.731
       6        :18@CA_:12@CA        5    0.333     5.99    0.731
       7        :13@CA_:18@CA        4    0.267     4.85     1.09
       8        :18@CA_:13@CA        4    0.267     4.85     1.09
       9        :12@CA_:16@CA        4    0.267     6.06    0.211
      10        :16@CA_:12@CA        4    0.267     6.06    0.211
      11        :12@CA_:19@CA        4    0.267     6.17    0.967
      12        :19@CA_:12@CA        4    0.267     6.17    0.967
      13        :21@CA_:26@CA        3      0.2     5.43    0.565
      14        :26@CA_:21@CA        3      0.2     5.43    0.565
      15          :8@CA_:4@CA        3      0.2     5.87    0.448
      16          :4@CA_:8@CA        3      0.2     5.87    0.448
      17         :21@CA_:9@CA        3      0.2     5.88    0.155
      18         :9@CA_:21@CA        3      0.2     5.88    0.155
      19        :27@CA_:22@CA        3      0.2     6.36    0.356
      20        :22@CA_:27@CA        3      0.2     6.36    0.356
      21        :21@CA_:10@CA        2    0.133      4.2     1.48
      22        :10@CA_:21@CA        2    0.133      4.2     1.48
      23        :13@CA_:19@CA        2    0.133     5.13    0.669
      24        :19@CA_:13@CA        2    0.133     5.13    0.669
      25        :18@CA_:11@CA        2    0.133     5.72    0.954
      26        :11@CA_:18@CA        2    0.133     5.72    0.954
      27        :20@CA_:10@CA        2    0.133     5.83    0.403
      28        :10@CA_:20@CA        2    0.133     5.83    0.403
      29        :11@CA_:20@CA        2    0.133     6.17    0.222
      30        :20@CA_:11@CA        2    0.133     6.17    0.222
      31        :19@CA_:29@CA        2    0.133     6.22    0.419
      32        :29@CA_:19@CA        2    0.133     6.22    0.419
      33        :11@CA_:19@CA        2    0.133     6.47    0.386
      34        :19@CA_:11@CA        2    0.133     6.47    0.386
      35        :18@CA_:10@CA        2    0.133     6.62   0.0539
      36        :10@CA_:18@CA        2    0.133     6.62   0.0539
      37        :11@CA_:21@CA        1   0.0667     3.72 4.21e-08
      38        :21@CA_:11@CA        1   0.0667     3.72 4.21e-08
      39         :5@CA_:34@CA        1   0.0667     3.95        0
      40         :34@CA_:5@CA        1   0.0667     3.95        0
      41        :19@CA_:10@CA        1   0.0667     5.41        0
      42        :10@CA_:19@CA        1   0.0667     5.41        0
      43        :30@CA_:19@CA        1   0.0667     5.85        0
      44        :19@CA_:30@CA        1   0.0667     5.85        0
      45        :12@CA_:17@CA        1   0.0667     5.97        0
      46        :17@CA_:12@CA        1   0.0667     5.97        0
      47         :24@CA_:7@CA        1   0.0667     5.97        0
      48         :7@CA_:24@CA        1   0.0667     5.97        0
      49        :22@CA_:28@CA        1   0.0667     6.11        0
      50        :28@CA_:22@CA        1   0.0667     6.11        0
      51        :27@CA_:21@CA        1   0.0667     6.32        0
      52        :21@CA_:27@CA        1   0.0667     6.32        0
      53         :9@CA_:22@CA        1   0.0667     6.36        0
      54         :22@CA_:9@CA        1   0.0667     6.36        0
      55         :20@CA_:9@CA        1   0.0667      6.4        0
      56         :9@CA_:20@CA        1   0.0667      6.4        0
      57         :20@CA_:8@CA        1   0.0667     6.68        0
      58         :8@CA_:20@CA        1   0.0667     6.68        0
      59        :28@CA_:20@CA        1   0.0667     6.97 8.43e-08
      60        :20@CA_:28@CA        1   0.0667     6.97 8.43e-08
      61        :31@CA_:19@CA        0        0        0        0
      62        :30@CA_:20@CA        0        0        0        0
      63        :28@CA_:21@CA        0        0        0        0
      64        :32@CA_:20@CA        0        0        0        0
      65        :29@CA_:21@CA        0        0        0        0
      66         :33@CA_:4@CA        0        0        0        0
      67         :34@CA_:2@CA        0        0        0        0
      68         :34@CA_:4@CA        0        0        0        0
      69         :2@CA_:34@CA        0        0        0        0
      70        :29@CA_:20@CA        0        0        0        0
      71         :35@CA_:2@CA        0        0        0        0
      72        :19@CA_:31@CA        0        0        0        0
      73         :2@CA_:35@CA        0        0        0        0
      74          :4@CA_:9@CA        0        0        0        0
      75         :4@CA_:33@CA        0        0        0        0
      76         :4@CA_:34@CA        0        0        0        0
      77         :7@CA_:22@CA        0        0        0        0
      78         :7@CA_:23@CA        0        0        0        0
      79         :8@CA_:21@CA        0        0        0        0
      80         :8@CA_:22@CA        0        0        0        0
      81         :8@CA_:23@CA        0        0        0        0
      82          :9@CA_:4@CA        0        0        0        0
      83         :23@CA_:8@CA        0        0        0        0
      84        :20@CA_:29@CA        0        0        0        0
      85        :20@CA_:30@CA        0        0        0        0
      86        :20@CA_:32@CA        0        0        0        0
      87         :21@CA_:8@CA        0        0        0        0
      88        :21@CA_:28@CA        0        0        0        0
      89        :21@CA_:29@CA        0        0        0        0
      90         :22@CA_:7@CA        0        0        0        0
      91         :22@CA_:8@CA        0        0        0        0
      92         :23@CA_:7@CA        0        0        0        0
