# Contacts: Contacts_00002
# Native contacts determined from mask ':1-35@CA' and mask ':1-35@CA'
#                     Contact  Nframes    Frac.      Avg    Stdev
       1        :12@CA_:16@CA        6      0.4     5.34     1.34
       2        :16@CA_:12@CA        6      0.4     5.34     1.34
       3        :26@CA_:22@CA        6      0.4      5.6     1.07
       4        :22@CA_:26@CA        6      0.4      5.6     1.07
       5          :4@CA_:8@CA        6      0.4     6.23    0.587
       6          :8@CA_:4@CA        6      0.4     6.23    0.587
       7        :12@CA_:17@CA        5    0.333     6.41    0.558
       8        :17@CA_:12@CA        5    0.333     6.41    0.558
       9        :12@CA_:18@CA        3      0.2     5.07     0.92
      10        :18@CA_:12@CA        3      0.2     5.07     0.92
      11         :24@CA_:7@CA        3      0.2     5.58     1.37
      12         :7@CA_:24@CA        3      0.2     5.58     1.37
      13        :18@CA_:11@CA        3      0.2      5.7     1.13
      14        :11@CA_:18@CA        3      0.2      5.7     1.13
      15        :19@CA_:11@CA        2    0.133     4.49    0.685
      16        :11@CA_:19@CA        2    0.133     4.49    0.685
      17        :20@CA_:11@CA        2    0.133     4.79     1.24
      18        :11@CA_:20@CA        2    0.133     4.79     1.24
      19        :13@CA_:17@CA        2    0.133     5.35    0.396
      20        :17@CA_:13@CA        2    0.133     5.35    0.396
      21         :22@CA_:8@CA        2    0.133     5.71     1.06
      22         :8@CA_:22@CA        2    0.133     5.71     1.06
      23         :7@CA_:22@CA        2    0.133     6.44    0.511
      24         :22@CA_:7@CA        2    0.133     6.44    0.511
      25        :10@CA_:20@CA        1   0.0667     4.18 5.96e-08
      26        :20@CA_:10@CA        1   0.0667     4.18 5.96e-08
      27          :4@CA_:9@CA        1   0.0667     4.42        0
      28          :9@CA_:4@CA        1   0.0667     4.42        0
      29        :26@CA_:21@CA        1   0.0667     4.53 5.96e-08
      30        :21@CA_:26@CA        1   0.0667     4.53 5.96e-08
      31         :9@CA_:21@CA        1   0.0667     4.75        0
      32         :21@CA_:9@CA        1   0.0667     4.75        0
      33        :19@CA_:12@CA        1   0.0667     5.08        0
      34        :12@CA_:19@CA        1   0.0667     5.08        0
      35         :34@CA_:5@CA        1   0.0667     5.53 5.96e-08
      36         :5@CA_:34@CA        1   0.0667     5.53 5.96e-08
      37         :34@CA_:4@CA        1   0.0667     5.56        0
      38         :4@CA_:34@CA        1   0.0667     5.56        0
      39        :18@CA_:10@CA        1   0.0667     5.85        0
      40        :10@CA_:18@CA        1   0.0667     5.85        0
      41        :21@CA_:27@CA        1   0.0667     5.92        0
      42        :27@CA_:21@CA        1   0.0667     5.92        0
      43        :20@CA_:30@CA        1   0.0667     5.92        0
      44        :30@CA_:20@CA        1   0.0667     5.92        0
      45        :11@CA_:21@CA        1   0.0667     6.12        0
      46        :21@CA_:11@CA        1   0.0667     6.12        0
      47        :19@CA_:29@CA        1   0.0667     6.17 8.43e-08
      48        :29@CA_:19@CA        1   0.0667     6.17 8.43e-08
      49         :23@CA_:7@CA        1   0.0667     6.19        0
      50         :7@CA_:23@CA        1   0.0667     6.19        0
      51        :28@CA_:21@CA        1   0.0667     6.21        0
      52        :21@CA_:28@CA        1   0.0667     6.21        0
      53        :19@CA_:13@CA        1   0.0667     6.67        0
      54        :13@CA_:19@CA        1   0.0667     6.67        0
      55        :20@CA_:28@CA        1   0.0667     6.72 8.43e-08
      56        :28@CA_:20@CA        1   0.0667     6.72 8.43e-08
      57        :18@CA_:13@CA        1   0.0667     6.81        0
      58        :13@CA_:18@CA        1   0.0667     6.81        0
      59         :33@CA_:4@CA        1   0.0667     6.84        0
      60         :4@CA_:33@CA        1   0.0667     6.84        0
      61        :20@CA_:29@CA        1   0.0667     6.84        0
      62        :29@CA_:20@CA        1   0.0667     6.84        0
      63        :19@CA_:10@CA        1   0.0667     6.88        0
      64        :10@CA_:19@CA        1   0.0667     6.88        0
      65         :35@CA_:2@CA        0        0        0        0
      66        :31@CA_:19@CA        0        0        0        0
      67        :32@CA_:20@CA        0        0        0        0
      68        :30@CA_:19@CA        0        0        0        0
      69        :27@CA_:22@CA        0        0        0        0
      70         :34@CA_:2@CA        0        0        0        0
      71        :29@CA_:21@CA        0        0        0        0
      72        :19@CA_:30@CA        0        0        0        0
      73        :28@CA_:22@CA        0        0        0        0
      74         :20@CA_:8@CA        0        0        0        0
      75         :2@CA_:35@CA        0        0        0        0
      76         :8@CA_:20@CA        0        0        0        0
      77         :8@CA_:21@CA        0        0        0        0
      78         :8@CA_:23@CA        0        0        0        0
      79         :9@CA_:20@CA        0        0        0        0
      80         :9@CA_:22@CA        0        0        0        0
      81        :10@CA_:21@CA        0        0        0        0
      82         :2@CA_:34@CA        0        0        0        0
      83        :19@CA_:31@CA        0        0        0        0
      84         :23@CA_:8@CA        0        0        0        0
      85         :20@CA_:9@CA        0        0        0        0
      86        :20@CA_:32@CA        0        0        0        0
      87         :21@CA_:8@CA        0        0        0        0
      88        :21@CA_:10@CA        0        0        0        0
      89        :21@CA_:29@CA        0        0        0        0
      90         :22@CA_:9@CA        0        0        0        0
      91        :22@CA_:27@CA        0        0        0        0
      92        :22@CA_:28@CA        0        0        0        0
