# Contacts: Contacts_00002
# Native contacts determined from mask ':1-35@CA' and mask ':1-35@CA'
#                     Contact  Nframes    Frac.      Avg    Stdev
       1          :4@CA_:8@CA        6      0.4        5     1.24
       2          :8@CA_:4@CA        6      0.4        5     1.24
       3        :12@CA_:16@CA        6      0.4      5.3    0.717
       4        :16@CA_:12@CA        6      0.4      5.3    0.717
       5        :12@CA_:18@CA        5    0.333     5.54    0.953
       6        :18@CA_:12@CA        5    0.333     5.54    0.953
       7        :13@CA_:17@CA        4    0.267     6.16    0.689
       8        :17@CA_:13@CA        4    0.267     6.16    0.689
       9        :22@CA_:26@CA        3      0.2     4.71     1.23
      10        :26@CA_:22@CA        3      0.2     4.71     1.23
      11        :17@CA_:12@CA        3      0.2     5.87    0.508
      12        :12@CA_:17@CA        3      0.2     5.87    0.508
      13         :9@CA_:22@CA        2    0.133     5.04    0.304
      14         :22@CA_:9@CA        2    0.133     5.04    0.304
      15        :19@CA_:10@CA        2    0.133     5.31    0.178
      16        :10@CA_:19@CA        2    0.133     5.31    0.178
      17        :18@CA_:13@CA        2    0.133      5.4     0.21
      18        :13@CA_:18@CA        2    0.133      5.4     0.21
      19        :28@CA_:22@CA        2    0.133     6.12   0.0506
      20        :22@CA_:28@CA        2    0.133     6.12   0.0506
      21        :22@CA_:27@CA        2    0.133     6.14    0.518
      22        :27@CA_:22@CA        2    0.133     6.14    0.518
      23        :13@CA_:19@CA        2    0.133     6.57    0.213
      24        :19@CA_:13@CA        2    0.133     6.57    0.213
      25         :7@CA_:22@CA        1   0.0667     4.29        0
      26         :22@CA_:7@CA        1   0.0667     4.29        0
      27         :9@CA_:20@CA        1   0.0667      4.3        0
      28         :20@CA_:9@CA        1   0.0667      4.3        0
      29         :33@CA_:4@CA        1   0.0667     4.46 5.96e-08
      30         :4@CA_:33@CA        1   0.0667     4.46 5.96e-08
      31         :2@CA_:34@CA        1   0.0667     5.12        0
      32         :34@CA_:2@CA        1   0.0667     5.12        0
      33        :10@CA_:18@CA        1   0.0667     5.41        0
      34        :18@CA_:10@CA        1   0.0667     5.41        0
      35        :27@CA_:21@CA        1   0.0667     5.56        0
      36        :21@CA_:27@CA        1   0.0667     5.56        0
      37        :18@CA_:11@CA        1   0.0667     5.58        0
      38        :11@CA_:18@CA        1   0.0667     5.58        0
      39        :10@CA_:21@CA        1   0.0667     5.74        0
      40        :21@CA_:10@CA        1   0.0667     5.74        0
      41        :28@CA_:21@CA        1   0.0667      5.8 8.43e-08
      42        :21@CA_:28@CA        1   0.0667      5.8 8.43e-08
      43         :8@CA_:22@CA        1   0.0667     6.35        0
      44         :22@CA_:8@CA        1   0.0667     6.35        0
      45        :31@CA_:19@CA        1   0.0667     6.52        0
      46        :19@CA_:31@CA        1   0.0667     6.52        0
      47        :28@CA_:20@CA        1   0.0667     6.53        0
      48        :20@CA_:28@CA        1   0.0667     6.53        0
      49          :4@CA_:9@CA        1   0.0667     6.65 8.43e-08
      50          :9@CA_:4@CA        1   0.0667     6.65 8.43e-08
      51         :35@CA_:2@CA        1   0.0667     6.68        0
      52         :2@CA_:35@CA        1   0.0667     6.68        0
      53         :4@CA_:34@CA        1   0.0667     6.81        0
      54         :34@CA_:4@CA        1   0.0667     6.81        0
      55        :26@CA_:21@CA        1   0.0667     6.85        0
      56        :21@CA_:26@CA        1   0.0667     6.85        0
      57        :11@CA_:19@CA        1   0.0667     6.95        0
      58        :19@CA_:11@CA        1   0.0667     6.95        0
      59        :29@CA_:19@CA        0        0        0        0
      60         :24@CA_:7@CA        0        0        0        0
      61        :10@CA_:20@CA        0        0        0        0
      62         :9@CA_:21@CA        0        0        0        0
      63         :8@CA_:23@CA        0        0        0        0
      64         :8@CA_:21@CA        0        0        0        0
      65         :8@CA_:20@CA        0        0        0        0
      66         :5@CA_:34@CA        0        0        0        0
      67        :29@CA_:20@CA        0        0        0        0
      68        :29@CA_:21@CA        0        0        0        0
      69        :30@CA_:19@CA        0        0        0        0
      70        :30@CA_:20@CA        0        0        0        0
      71         :34@CA_:5@CA        0        0        0        0
      72         :7@CA_:24@CA        0        0        0        0
      73        :32@CA_:20@CA        0        0        0        0
      74         :7@CA_:23@CA        0        0        0        0
      75        :19@CA_:30@CA        0        0        0        0
      76        :20@CA_:29@CA        0        0        0        0
      77        :20@CA_:30@CA        0        0        0        0
      78        :20@CA_:32@CA        0        0        0        0
      79         :21@CA_:8@CA        0        0        0        0
      80         :21@CA_:9@CA        0        0        0        0
      81        :20@CA_:10@CA        0        0        0        0
      82        :21@CA_:11@CA        0        0        0        0
      83         :20@CA_:8@CA        0        0        0        0
      84        :20@CA_:11@CA        0        0        0        0
      85        :21@CA_:29@CA        0        0        0        0
      86        :19@CA_:29@CA        0        0        0        0
      87        :19@CA_:12@CA        0        0        0        0
      88        :12@CA_:19@CA        0        0        0        0
      89        :11@CA_:21@CA        0        0        0        0
      90        :11@CA_:20@CA        0        0        0        0
      91         :23@CA_:7@CA        0        0        0        0
      92         :23@CA_:8@CA        0        0        0        0
