# Contacts: Contacts_00002
# Native contacts determined from mask ':1-35@CA' and mask ':1-35@CA'
#                     Contact  Nframes    Frac.      Avg    Stdev
       1        :26@CA_:22@CA        6      0.4     6.13    0.881
       2        :22@CA_:26@CA        6      0.4     6.13    0.881
       3          :4@CA_:8@CA        5    0.333     5.15     1.26
       4          :8@CA_:4@CA        5    0.333     5.15     1.26
       5        :12@CA_:17@CA        4    0.267     4.87    0.712
       6        :17@CA_:12@CA        4    0.267     4.87    0.712
       7        :13@CA_:17@CA        4    0.267     5.42    0.698
       8        :17@CA_:13@CA        4    0.267     5.42    0.698
       9        :19@CA_:11@CA        4    0.267     6.02    0.597
      10        :11@CA_:19@CA        4    0.267     6.02    0.597
      11        :11@CA_:18@CA        4    0.267     6.25    0.601
      12        :18@CA_:11@CA        4    0.267     6.25    0.601
      13        :16@CA_:12@CA        3      0.2     4.78    0.912
      14        :12@CA_:16@CA        3      0.2     4.78    0.912
      15        :21@CA_:26@CA        3      0.2     4.78    0.376
      16        :26@CA_:21@CA        3      0.2     4.78    0.376
      17        :12@CA_:18@CA        3      0.2     5.37    0.753
      18        :18@CA_:12@CA        3      0.2     5.37    0.753
      19         :8@CA_:21@CA        3      0.2     5.63    0.223
      20         :21@CA_:8@CA        3      0.2     5.63    0.223
      21        :22@CA_:27@CA        2    0.133     3.93    0.789
      22        :27@CA_:22@CA        2    0.133     3.93    0.789
      23        :30@CA_:20@CA        2    0.133     5.38    0.219
      24        :20@CA_:30@CA        2    0.133     5.38    0.219
      25        :19@CA_:12@CA        2    0.133     5.61    0.645
      26        :12@CA_:19@CA        2    0.133     5.61    0.645
      27         :34@CA_:4@CA        2    0.133     5.89    0.474
      28         :4@CA_:34@CA        2    0.133     5.89    0.474
      29        :21@CA_:11@CA        2    0.133     6.22    0.604
      30        :11@CA_:21@CA        2    0.133     6.22    0.604
      31        :20@CA_:29@CA        2    0.133     6.28    0.371
      32        :29@CA_:20@CA        2    0.133     6.28    0.371
      33        :19@CA_:29@CA        2    0.133     6.28    0.644
      34        :29@CA_:19@CA        2    0.133     6.28    0.644
      35        :21@CA_:28@CA        2    0.133     6.29    0.159
      36        :28@CA_:21@CA        2    0.133     6.29    0.159
      37        :10@CA_:21@CA        2    0.133      6.7    0.126
      38        :21@CA_:10@CA        2    0.133      6.7    0.126
      39        :19@CA_:10@CA        1   0.0667     3.66        0
      40        :10@CA_:19@CA        1   0.0667     3.66        0
      41         :7@CA_:24@CA        1   0.0667     4.24 5.96e-08
      42         :24@CA_:7@CA        1   0.0667     4.24 5.96e-08
      43         :9@CA_:20@CA        1   0.0667     4.51        0
      44         :20@CA_:9@CA        1   0.0667     4.51        0
      45        :21@CA_:29@CA        1   0.0667     5.68        0
      46        :29@CA_:21@CA        1   0.0667     5.68        0
      47         :22@CA_:7@CA        1   0.0667     5.76        0
      48         :7@CA_:22@CA        1   0.0667     5.76        0
      49        :19@CA_:30@CA        1   0.0667     5.79 8.43e-08
      50        :30@CA_:19@CA        1   0.0667     5.79 8.43e-08
      51        :27@CA_:21@CA        1   0.0667      5.8 8.43e-08
      52        :21@CA_:27@CA        1   0.0667      5.8 8.43e-08
      53        :28@CA_:20@CA        1   0.0667      6.5        0
      54        :20@CA_:28@CA        1   0.0667      6.5        0
      55         :34@CA_:5@CA        1   0.0667     6.53        0
      56         :5@CA_:34@CA        1   0.0667     6.53        0
      57        :18@CA_:10@CA        1   0.0667     6.71 8.43e-08
      58        :10@CA_:18@CA        1   0.0667     6.71 8.43e-08
      59         :20@CA_:8@CA        1   0.0667     6.77        0
      60         :8@CA_:20@CA        1   0.0667     6.77        0
      61          :9@CA_:4@CA        1   0.0667     6.78        0
      62          :4@CA_:9@CA        1   0.0667     6.78        0
      63        :31@CA_:19@CA        1   0.0667     6.85        0
      64        :19@CA_:31@CA        1   0.0667     6.85        0
      65        :13@CA_:19@CA        1   0.0667     6.88        0
      66        :19@CA_:13@CA        1   0.0667     6.88        0
      67        :13@CA_:18@CA        1   0.0667     6.89        0
      68        :18@CA_:13@CA        1   0.0667     6.89        0
      69         :22@CA_:8@CA        1   0.0667     6.99        0
      70         :8@CA_:22@CA        1   0.0667     6.99        0
      71        :32@CA_:20@CA        0        0        0        0
      72         :33@CA_:4@CA        0        0        0        0
      73        :28@CA_:22@CA        0        0        0        0
      74         :34@CA_:2@CA        0        0        0        0
      75         :2@CA_:34@CA        0        0        0        0
      76         :35@CA_:2@CA        0        0        0        0
      77         :23@CA_:8@CA        0        0        0        0
      78         :23@CA_:7@CA        0        0        0        0
      79        :22@CA_:28@CA        0        0        0        0
      80         :22@CA_:9@CA        0        0        0        0
      81         :21@CA_:9@CA        0        0        0        0
      82        :20@CA_:32@CA        0        0        0        0
      83        :20@CA_:11@CA        0        0        0        0
      84        :20@CA_:10@CA        0        0        0        0
      85        :11@CA_:20@CA        0        0        0        0
      86        :10@CA_:20@CA        0        0        0        0
      87         :9@CA_:22@CA        0        0        0        0
      88         :9@CA_:21@CA        0        0        0        0
      89         :8@CA_:23@CA        0        0        0        0
      90         :7@CA_:23@CA        0        0        0        0
      91         :4@CA_:33@CA        0        0        0        0
      92         :2@CA_:35@CA        0        0        0        0
