# Contacts: Contacts_00002
# Native contacts determined from mask ':1-35@CA' and mask ':1-35@CA'
#                     Contact  Nframes    Frac.      Avg    Stdev
       1          :4@CA_:8@CA        5    0.333     5.08     1.28
       2          :8@CA_:4@CA        5    0.333     5.08     1.28
       3        :26@CA_:22@CA        4    0.267     5.89     1.01
       4        :22@CA_:26@CA        4    0.267     5.89     1.01
       5        :16@CA_:12@CA        3      0.2     5.35      1.2
       6        :12@CA_:16@CA        3      0.2     5.35      1.2
       7        :17@CA_:12@CA        3      0.2     6.36    0.286
       8        :12@CA_:17@CA        3      0.2     6.36    0.286
       9        :21@CA_:26@CA        2    0.133     4.46    0.723
      10        :26@CA_:21@CA        2    0.133     4.46    0.723
      11        :17@CA_:13@CA        2    0.133     5.62     1.37
      12        :13@CA_:17@CA        2    0.133     5.62     1.37
      13        :12@CA_:19@CA        2    0.133     5.64    0.856
      14        :19@CA_:12@CA        2    0.133     5.64    0.856
      15        :13@CA_:18@CA        2    0.133     5.68     1.19
      16        :18@CA_:13@CA        2    0.133     5.68     1.19
      17        :21@CA_:27@CA        2    0.133     6.69    0.155
      18        :27@CA_:21@CA        2    0.133     6.69    0.155
      19        :20@CA_:11@CA        1   0.0667     3.16        0
      20        :11@CA_:20@CA        1   0.0667     3.16        0
      21        :19@CA_:11@CA        1   0.0667     3.74 4.21e-08
      22        :11@CA_:19@CA        1   0.0667     3.74 4.21e-08
      23        :18@CA_:12@CA        1   0.0667     3.93        0
      24        :12@CA_:18@CA        1   0.0667     3.93        0
      25        :13@CA_:19@CA        1   0.0667     5.06 5.96e-08
      26        :19@CA_:13@CA        1   0.0667     5.06 5.96e-08
      27          :4@CA_:9@CA        1   0.0667     5.17        0
      28          :9@CA_:4@CA        1   0.0667     5.17        0
      29         :7@CA_:22@CA        1   0.0667     5.96        0
      30         :22@CA_:7@CA        1   0.0667     5.96        0
      31         :7@CA_:23@CA        1   0.0667     6.49        0
      32         :23@CA_:7@CA        1   0.0667     6.49        0
      33        :21@CA_:28@CA        1   0.0667     6.49        0
      34        :28@CA_:21@CA        1   0.0667     6.49        0
      35        :30@CA_:20@CA        1   0.0667     6.68        0
      36        :20@CA_:30@CA        1   0.0667     6.68        0
      37        :27@CA_:22@CA        1   0.0667     6.99        0
      38        :22@CA_:27@CA        1   0.0667     6.99        0
      39        :21@CA_:11@CA        0        0        0        0
      40        :22@CA_:28@CA        0        0        0        0
      41         :22@CA_:9@CA        0        0        0        0
      42         :22@CA_:8@CA        0        0        0        0
      43        :21@CA_:29@CA        0        0        0        0
      44        :19@CA_:30@CA        0        0        0        0
      45         :23@CA_:8@CA        0        0        0        0
      46         :24@CA_:7@CA        0        0        0        0
      47        :28@CA_:20@CA        0        0        0        0
      48        :28@CA_:22@CA        0        0        0        0
      49        :29@CA_:19@CA        0        0        0        0
      50        :29@CA_:20@CA        0        0        0        0
      51        :29@CA_:21@CA        0        0        0        0
      52        :30@CA_:19@CA        0        0        0        0
      53        :31@CA_:19@CA        0        0        0        0
      54        :32@CA_:20@CA        0        0        0        0
      55         :33@CA_:4@CA        0        0        0        0
      56         :34@CA_:2@CA        0        0        0        0
      57         :34@CA_:4@CA        0        0        0        0
      58         :34@CA_:5@CA        0        0        0        0
      59         :35@CA_:2@CA        0        0        0        0
      60         :8@CA_:22@CA        0        0        0        0
      61        :10@CA_:21@CA        0        0        0        0
      62        :10@CA_:20@CA        0        0        0        0
      63        :10@CA_:19@CA        0        0        0        0
      64        :10@CA_:18@CA        0        0        0        0
      65         :9@CA_:22@CA        0        0        0        0
      66         :9@CA_:21@CA        0        0        0        0
      67         :9@CA_:20@CA        0        0        0        0
      68         :8@CA_:23@CA        0        0        0        0
      69        :11@CA_:18@CA        0        0        0        0
      70         :8@CA_:21@CA        0        0        0        0
      71         :8@CA_:20@CA        0        0        0        0
      72         :7@CA_:24@CA        0        0        0        0
      73         :5@CA_:34@CA        0        0        0        0
      74         :4@CA_:34@CA        0        0        0        0
      75         :4@CA_:33@CA        0        0        0        0
      76         :2@CA_:35@CA        0        0        0        0
      77        :21@CA_:10@CA        0        0        0        0
      78        :11@CA_:21@CA        0        0        0        0
      79        :18@CA_:10@CA        0        0        0        0
      80        :18@CA_:11@CA        0        0        0        0
      81        :19@CA_:10@CA        0        0        0        0
      82        :19@CA_:29@CA        0        0        0        0
      83         :2@CA_:34@CA        0        0        0        0
      84        :19@CA_:31@CA        0        0        0        0
      85         :20@CA_:8@CA        0        0        0        0
      86         :20@CA_:9@CA        0        0        0        0
      87        :20@CA_:10@CA        0        0        0        0
      88        :20@CA_:28@CA        0        0        0        0
      89        :20@CA_:29@CA        0        0        0        0
      90        :20@CA_:32@CA        0        0        0        0
      91         :21@CA_:8@CA        0        0        0        0
      92         :21@CA_:9@CA        0        0        0        0
