# Contacts: Contacts_00002
# Native contacts determined from mask ':1-52@CA' and mask ':1-52@CA'
#                     Contact  Nframes    Frac.      Avg    Stdev
       1        :27@CA_:23@CA        8        1     5.27    0.489
       2        :23@CA_:27@CA        8        1     5.27    0.489
       3        :38@CA_:42@CA        8        1     6.08     0.49
       4        :42@CA_:38@CA        8        1     6.08     0.49
       5        :32@CA_:36@CA        7    0.875     5.24    0.728
       6        :36@CA_:32@CA        7    0.875     5.24    0.728
       7        :44@CA_:48@CA        7    0.875     5.61    0.881
       8        :48@CA_:44@CA        7    0.875     5.61    0.881
       9        :21@CA_:17@CA        7    0.875     5.72     0.82
      10        :17@CA_:21@CA        7    0.875     5.72     0.82
      11         :12@CA_:8@CA        7    0.875     5.87    0.983
      12         :8@CA_:12@CA        7    0.875     5.87    0.983
      13        :46@CA_:42@CA        7    0.875     6.01    0.649
      14        :42@CA_:46@CA        7    0.875     6.01    0.649
      15        :12@CA_:16@CA        7    0.875     6.27    0.134
      16        :16@CA_:12@CA        7    0.875     6.27    0.134
      17        :27@CA_:31@CA        7    0.875     6.31    0.495
      18        :31@CA_:27@CA        7    0.875     6.31    0.495
      19         :9@CA_:13@CA        7    0.875     6.36    0.369
      20         :13@CA_:9@CA        7    0.875     6.36    0.369
      21        :41@CA_:37@CA        6     0.75     5.51     1.12
      22        :37@CA_:41@CA        6     0.75     5.51     1.12
      23        :34@CA_:30@CA        6     0.75     5.73    0.384
      24        :30@CA_:34@CA        6     0.75     5.73    0.384
      25        :20@CA_:16@CA        6     0.75     5.87    0.416
      26        :16@CA_:20@CA        6     0.75     5.87    0.416
      27        :31@CA_:36@CA        6     0.75      5.9    0.458
      28        :36@CA_:31@CA        6     0.75      5.9    0.458
      29        :39@CA_:43@CA        6     0.75     5.99    0.295
      30        :43@CA_:39@CA        6     0.75     5.99    0.295
      31        :19@CA_:15@CA        6     0.75     6.05    0.258
      32        :15@CA_:19@CA        6     0.75     6.05    0.258
      33        :11@CA_:15@CA        6     0.75     6.23    0.419
      34        :15@CA_:11@CA        6     0.75     6.23    0.419
      35          :5@CA_:9@CA        5    0.625     5.14    0.919
      36          :9@CA_:5@CA        5    0.625     5.14    0.919
      37        :35@CA_:31@CA        5    0.625     5.28    0.591
      38        :31@CA_:35@CA        5    0.625     5.28    0.591
      39        :47@CA_:43@CA        5    0.625     5.39    0.585
      40        :43@CA_:47@CA        5    0.625     5.39    0.585
      41        :14@CA_:18@CA        5    0.625     5.74     1.11
      42        :18@CA_:14@CA        5    0.625     5.74     1.11
      43        :41@CA_:45@CA        5    0.625     5.83    0.636
      44        :45@CA_:41@CA        5    0.625     5.83    0.636
      45        :46@CA_:50@CA        5    0.625     6.13    0.795
      46        :50@CA_:46@CA        5    0.625     6.13    0.795
      47        :33@CA_:29@CA        5    0.625     6.23    0.793
      48        :29@CA_:33@CA        5    0.625     6.23    0.793
      49        :17@CA_:13@CA        5    0.625     6.51    0.296
      50        :13@CA_:17@CA        5    0.625     6.51    0.296
      51        :24@CA_:28@CA        4      0.5     6.32    0.661
      52        :28@CA_:24@CA        4      0.5     6.32    0.661
      53        :51@CA_:47@CA        4      0.5     6.35    0.293
      54        :47@CA_:51@CA        4      0.5     6.35    0.293
      55         :6@CA_:10@CA        4      0.5     6.56    0.232
      56         :10@CA_:6@CA        4      0.5     6.56    0.232
      57        :28@CA_:32@CA        4      0.5     6.63    0.297
      58        :32@CA_:28@CA        4      0.5     6.63    0.297
      59        :44@CA_:40@CA        3    0.375     5.58    0.768
      60        :40@CA_:44@CA        3    0.375     5.58    0.768
      61        :37@CA_:32@CA        3    0.375     6.15    0.495
      62        :32@CA_:37@CA        3    0.375     6.15    0.495
      63        :27@CA_:22@CA        3    0.375     6.19    0.359
      64        :22@CA_:27@CA        3    0.375     6.19    0.359
      65        :26@CA_:22@CA        3    0.375     6.23    0.638
      66        :22@CA_:26@CA        3    0.375     6.23    0.638
      67        :26@CA_:30@CA        3    0.375     6.32    0.461
      68        :30@CA_:26@CA        3    0.375     6.32    0.461
      69        :40@CA_:36@CA        3    0.375     6.32    0.822
      70        :36@CA_:40@CA        3    0.375     6.32    0.822
      71         :7@CA_:11@CA        3    0.375     6.73   0.0688
      72         :11@CA_:7@CA        3    0.375     6.73   0.0688
      73        :22@CA_:16@CA        2     0.25     6.38    0.416
      74        :16@CA_:22@CA        2     0.25     6.38    0.416
      75        :21@CA_:16@CA        2     0.25     6.47 0.000785
      76        :16@CA_:21@CA        2     0.25     6.47 0.000785
      77        :14@CA_:10@CA        2     0.25     6.51    0.369
      78        :10@CA_:14@CA        2     0.25     6.51    0.369
      79         :36@CA_:5@CA        1    0.125     5.39        0
      80         :5@CA_:36@CA        1    0.125     5.39        0
      81         :4@CA_:36@CA        1    0.125     6.06        0
      82         :36@CA_:4@CA        1    0.125     6.06        0
      83        :36@CA_:41@CA        1    0.125     6.09        0
      84        :41@CA_:36@CA        1    0.125     6.09        0
      85        :14@CA_:19@CA        1    0.125      6.2        0
      86        :19@CA_:14@CA        1    0.125      6.2        0
      87         :3@CA_:39@CA        0        0        0        0
      88        :25@CA_:29@CA        0        0        0        0
      89        :51@CA_:46@CA        0        0        0        0
      90         :3@CA_:40@CA        0        0        0        0
      91          :4@CA_:9@CA        0        0        0        0
      92         :5@CA_:35@CA        0        0        0        0
      93         :4@CA_:35@CA        0        0        0        0
      94         :4@CA_:40@CA        0        0        0        0
      95         :4@CA_:37@CA        0        0        0        0
      96         :40@CA_:4@CA        0        0        0        0
      97        :46@CA_:51@CA        0        0        0        0
      98        :29@CA_:25@CA        0        0        0        0
      99         :8@CA_:34@CA        0        0        0        0
     100          :9@CA_:4@CA        0        0        0        0
     101         :40@CA_:3@CA        0        0        0        0
     102         :39@CA_:3@CA        0        0        0        0
     103        :13@CA_:18@CA        0        0        0        0
     104         :37@CA_:4@CA        0        0        0        0
     105        :15@CA_:21@CA        0        0        0        0
     106         :35@CA_:5@CA        0        0        0        0
     107         :35@CA_:4@CA        0        0        0        0
     108         :34@CA_:8@CA        0        0        0        0
     109        :18@CA_:13@CA        0        0        0        0
     110        :21@CA_:15@CA        0        0        0        0
