# Contacts: Contacts_00002
# Native contacts determined from mask ':1-52@CA' and mask ':1-52@CA'
#                     Contact  Nframes    Frac.      Avg    Stdev
       1        :23@CA_:27@CA        8        1     4.73    0.694
       2        :27@CA_:23@CA        8        1     4.73    0.694
       3        :38@CA_:42@CA        8        1      5.2     1.12
       4        :42@CA_:38@CA        8        1      5.2     1.12
       5         :13@CA_:9@CA        8        1     6.29    0.205
       6         :9@CA_:13@CA        8        1     6.29    0.205
       7         :12@CA_:8@CA        7    0.875     5.96    0.383
       8         :8@CA_:12@CA        7    0.875     5.96    0.383
       9        :14@CA_:18@CA        7    0.875     6.36    0.249
      10        :18@CA_:14@CA        7    0.875     6.36    0.249
      11        :50@CA_:46@CA        6     0.75     5.35     0.86
      12        :46@CA_:50@CA        6     0.75     5.35     0.86
      13        :35@CA_:31@CA        6     0.75      5.9    0.393
      14        :31@CA_:35@CA        6     0.75      5.9    0.393
      15        :31@CA_:27@CA        6     0.75     5.92    0.401
      16        :27@CA_:31@CA        6     0.75     5.92    0.401
      17        :30@CA_:34@CA        6     0.75     5.93    0.213
      18        :34@CA_:30@CA        6     0.75     5.93    0.213
      19        :15@CA_:19@CA        6     0.75     6.18    0.355
      20        :19@CA_:15@CA        6     0.75     6.18    0.355
      21        :16@CA_:12@CA        6     0.75      6.3    0.155
      22        :12@CA_:16@CA        6     0.75      6.3    0.155
      23        :14@CA_:10@CA        6     0.75     6.49     0.31
      24        :10@CA_:14@CA        6     0.75     6.49     0.31
      25        :32@CA_:36@CA        5    0.625     5.34    0.268
      26        :36@CA_:32@CA        5    0.625     5.34    0.268
      27        :20@CA_:16@CA        5    0.625     5.45    0.611
      28        :16@CA_:20@CA        5    0.625     5.45    0.611
      29        :24@CA_:28@CA        5    0.625     5.94    0.484
      30        :28@CA_:24@CA        5    0.625     5.94    0.484
      31        :43@CA_:39@CA        5    0.625     6.08    0.486
      32        :39@CA_:43@CA        5    0.625     6.08    0.486
      33         :11@CA_:7@CA        5    0.625     6.13    0.824
      34         :7@CA_:11@CA        5    0.625     6.13    0.824
      35        :11@CA_:15@CA        5    0.625     6.25     0.36
      36        :15@CA_:11@CA        5    0.625     6.25     0.36
      37        :13@CA_:17@CA        5    0.625     6.26    0.311
      38        :17@CA_:13@CA        5    0.625     6.26    0.311
      39          :5@CA_:9@CA        4      0.5     5.21     1.15
      40          :9@CA_:5@CA        4      0.5     5.21     1.15
      41        :44@CA_:48@CA        4      0.5     5.54     0.51
      42        :48@CA_:44@CA        4      0.5     5.54     0.51
      43        :36@CA_:31@CA        4      0.5     5.94    0.249
      44        :31@CA_:36@CA        4      0.5     5.94    0.249
      45        :47@CA_:51@CA        4      0.5     5.95    0.238
      46        :51@CA_:47@CA        4      0.5     5.95    0.238
      47        :33@CA_:29@CA        4      0.5     6.05    0.274
      48        :29@CA_:33@CA        4      0.5     6.05    0.274
      49        :41@CA_:37@CA        4      0.5     6.07     0.54
      50        :37@CA_:41@CA        4      0.5     6.07     0.54
      51        :22@CA_:27@CA        4      0.5     6.19    0.263
      52        :27@CA_:22@CA        4      0.5     6.19    0.263
      53        :42@CA_:46@CA        4      0.5     6.25    0.242
      54        :46@CA_:42@CA        4      0.5     6.25    0.242
      55         :6@CA_:10@CA        4      0.5     6.29    0.241
      56         :10@CA_:6@CA        4      0.5     6.29    0.241
      57        :22@CA_:26@CA        3    0.375      5.3    0.287
      58        :26@CA_:22@CA        3    0.375      5.3    0.287
      59        :32@CA_:37@CA        3    0.375     5.49    0.507
      60        :37@CA_:32@CA        3    0.375     5.49    0.507
      61        :30@CA_:26@CA        3    0.375     5.96    0.116
      62        :26@CA_:30@CA        3    0.375     5.96    0.116
      63        :32@CA_:28@CA        3    0.375     6.28    0.622
      64        :28@CA_:32@CA        3    0.375     6.28    0.622
      65        :47@CA_:43@CA        3    0.375      6.4    0.623
      66        :43@CA_:47@CA        3    0.375      6.4    0.623
      67        :40@CA_:44@CA        3    0.375     6.55    0.412
      68        :44@CA_:40@CA        3    0.375     6.55    0.412
      69        :45@CA_:41@CA        2     0.25     6.03     0.26
      70        :41@CA_:45@CA        2     0.25     6.03     0.26
      71          :4@CA_:9@CA        2     0.25      6.3    0.412
      72          :9@CA_:4@CA        2     0.25      6.3    0.412
      73         :4@CA_:35@CA        1    0.125     4.61        0
      74         :35@CA_:4@CA        1    0.125     4.61        0
      75         :35@CA_:5@CA        1    0.125     4.71 5.96e-08
      76         :5@CA_:35@CA        1    0.125     4.71 5.96e-08
      77         :36@CA_:4@CA        1    0.125     4.93        0
      78         :4@CA_:36@CA        1    0.125     4.93        0
      79         :36@CA_:5@CA        1    0.125     5.56 5.96e-08
      80         :5@CA_:36@CA        1    0.125     5.56 5.96e-08
      81        :17@CA_:21@CA        1    0.125     6.59        0
      82        :21@CA_:17@CA        1    0.125     6.59        0
      83        :16@CA_:22@CA        1    0.125     6.78        0
      84        :22@CA_:16@CA        1    0.125     6.78        0
      85         :37@CA_:4@CA        1    0.125      6.9        0
      86         :4@CA_:37@CA        1    0.125      6.9        0
      87        :51@CA_:46@CA        1    0.125     6.94 8.43e-08
      88        :46@CA_:51@CA        1    0.125     6.94 8.43e-08
      89         :3@CA_:40@CA        0        0        0        0
      90         :4@CA_:40@CA        0        0        0        0
      91         :3@CA_:39@CA        0        0        0        0
      92         :34@CA_:8@CA        0        0        0        0
      93        :21@CA_:16@CA        0        0        0        0
      94        :25@CA_:29@CA        0        0        0        0
      95        :21@CA_:15@CA        0        0        0        0
      96        :19@CA_:14@CA        0        0        0        0
      97        :18@CA_:13@CA        0        0        0        0
      98        :29@CA_:25@CA        0        0        0        0
      99        :16@CA_:21@CA        0        0        0        0
     100        :15@CA_:21@CA        0        0        0        0
     101        :14@CA_:19@CA        0        0        0        0
     102        :41@CA_:36@CA        0        0        0        0
     103        :13@CA_:18@CA        0        0        0        0
     104         :8@CA_:34@CA        0        0        0        0
     105        :36@CA_:40@CA        0        0        0        0
     106        :36@CA_:41@CA        0        0        0        0
     107         :39@CA_:3@CA        0        0        0        0
     108         :40@CA_:3@CA        0        0        0        0
     109         :40@CA_:4@CA        0        0        0        0
     110        :40@CA_:36@CA        0        0        0        0
