# Contacts: Contacts_00002
# Native contacts determined from mask ':1-52@CA' and mask ':1-52@CA'
#                     Contact  Nframes    Frac.      Avg    Stdev
       1         :8@CA_:12@CA        8        1     5.67    0.983
       2         :12@CA_:8@CA        8        1     5.67    0.983
       3        :35@CA_:31@CA        8        1     6.08    0.443
       4        :31@CA_:35@CA        8        1     6.08    0.443
       5        :27@CA_:23@CA        7    0.875     5.32    0.602
       6        :23@CA_:27@CA        7    0.875     5.32    0.602
       7        :42@CA_:38@CA        7    0.875     5.57    0.911
       8        :38@CA_:42@CA        7    0.875     5.57    0.911
       9        :50@CA_:46@CA        7    0.875     6.01    0.519
      10        :46@CA_:50@CA        7    0.875     6.01    0.519
      11        :34@CA_:30@CA        7    0.875     6.08    0.203
      12        :30@CA_:34@CA        7    0.875     6.08    0.203
      13        :51@CA_:47@CA        7    0.875     6.08    0.589
      14        :47@CA_:51@CA        7    0.875     6.08    0.589
      15        :31@CA_:27@CA        6     0.75      5.9    0.265
      16        :27@CA_:31@CA        6     0.75      5.9    0.265
      17        :39@CA_:43@CA        6     0.75     6.07    0.385
      18        :43@CA_:39@CA        6     0.75     6.07    0.385
      19         :9@CA_:13@CA        6     0.75     6.14    0.249
      20         :13@CA_:9@CA        6     0.75     6.14    0.249
      21        :12@CA_:16@CA        6     0.75     6.21    0.158
      22        :16@CA_:12@CA        6     0.75     6.21    0.158
      23        :32@CA_:28@CA        6     0.75     6.25    0.151
      24        :28@CA_:32@CA        6     0.75     6.25    0.151
      25        :48@CA_:44@CA        6     0.75     6.27    0.439
      26        :44@CA_:48@CA        6     0.75     6.27    0.439
      27        :19@CA_:15@CA        6     0.75     6.56    0.267
      28        :15@CA_:19@CA        6     0.75     6.56    0.267
      29        :24@CA_:28@CA        5    0.625     5.53     1.09
      30        :28@CA_:24@CA        5    0.625     5.53     1.09
      31        :37@CA_:41@CA        5    0.625     5.92    0.802
      32        :41@CA_:37@CA        5    0.625     5.92    0.802
      33        :41@CA_:45@CA        5    0.625     5.98    0.437
      34        :45@CA_:41@CA        5    0.625     5.98    0.437
      35        :15@CA_:11@CA        5    0.625      6.1   0.0402
      36        :11@CA_:15@CA        5    0.625      6.1   0.0402
      37        :33@CA_:29@CA        5    0.625      6.3    0.265
      38        :29@CA_:33@CA        5    0.625      6.3    0.265
      39          :9@CA_:5@CA        4      0.5     4.93     1.19
      40          :5@CA_:9@CA        4      0.5     4.93     1.19
      41        :36@CA_:32@CA        4      0.5     5.13    0.389
      42        :32@CA_:36@CA        4      0.5     5.13    0.389
      43        :36@CA_:31@CA        4      0.5     5.92    0.236
      44        :31@CA_:36@CA        4      0.5     5.92    0.236
      45        :46@CA_:42@CA        4      0.5     5.96    0.556
      46        :42@CA_:46@CA        4      0.5     5.96    0.556
      47        :47@CA_:43@CA        4      0.5     6.04     0.57
      48        :43@CA_:47@CA        4      0.5     6.04     0.57
      49        :17@CA_:13@CA        4      0.5     6.07     0.23
      50        :13@CA_:17@CA        4      0.5     6.07     0.23
      51        :20@CA_:16@CA        4      0.5     6.23    0.338
      52        :16@CA_:20@CA        4      0.5     6.23    0.338
      53        :14@CA_:18@CA        4      0.5     6.34    0.328
      54        :18@CA_:14@CA        4      0.5     6.34    0.328
      55        :14@CA_:10@CA        4      0.5     6.59    0.212
      56        :10@CA_:14@CA        4      0.5     6.59    0.212
      57        :26@CA_:22@CA        3    0.375     5.56    0.366
      58        :22@CA_:26@CA        3    0.375     5.56    0.366
      59         :11@CA_:7@CA        3    0.375      5.8    0.506
      60         :7@CA_:11@CA        3    0.375      5.8    0.506
      61         :6@CA_:10@CA        3    0.375     5.89    0.567
      62         :10@CA_:6@CA        3    0.375     5.89    0.567
      63        :30@CA_:26@CA        3    0.375     6.05   0.0959
      64        :26@CA_:30@CA        3    0.375     6.05   0.0959
      65        :40@CA_:36@CA        3    0.375     6.06    0.496
      66        :36@CA_:40@CA        3    0.375     6.06    0.496
      67        :44@CA_:40@CA        3    0.375     6.21    0.282
      68        :40@CA_:44@CA        3    0.375     6.21    0.282
      69        :27@CA_:22@CA        3    0.375     6.48    0.104
      70        :22@CA_:27@CA        3    0.375     6.48    0.104
      71        :46@CA_:51@CA        3    0.375     6.61    0.461
      72        :51@CA_:46@CA        3    0.375     6.61    0.461
      73        :32@CA_:37@CA        2     0.25     5.59    0.762
      74        :37@CA_:32@CA        2     0.25     5.59    0.762
      75        :21@CA_:17@CA        2     0.25     5.79    0.158
      76        :17@CA_:21@CA        2     0.25     5.79    0.158
      77        :25@CA_:29@CA        2     0.25     6.66     0.31
      78        :29@CA_:25@CA        2     0.25     6.66     0.31
      79         :37@CA_:4@CA        1    0.125     4.67        0
      80         :4@CA_:37@CA        1    0.125     4.67        0
      81         :4@CA_:36@CA        1    0.125     5.47        0
      82         :36@CA_:4@CA        1    0.125     5.47        0
      83        :41@CA_:36@CA        1    0.125     5.87        0
      84        :36@CA_:41@CA        1    0.125     5.87        0
      85        :16@CA_:21@CA        1    0.125     6.52        0
      86        :21@CA_:16@CA        1    0.125     6.52        0
      87         :5@CA_:36@CA        1    0.125     6.97        0
      88         :36@CA_:5@CA        1    0.125     6.97        0
      89        :21@CA_:15@CA        0        0        0        0
      90         :3@CA_:39@CA        0        0        0        0
      91         :8@CA_:34@CA        0        0        0        0
      92         :3@CA_:40@CA        0        0        0        0
      93        :13@CA_:18@CA        0        0        0        0
      94          :4@CA_:9@CA        0        0        0        0
      95        :14@CA_:19@CA        0        0        0        0
      96        :15@CA_:21@CA        0        0        0        0
      97         :4@CA_:35@CA        0        0        0        0
      98        :16@CA_:22@CA        0        0        0        0
      99        :18@CA_:13@CA        0        0        0        0
     100        :19@CA_:14@CA        0        0        0        0
     101         :40@CA_:3@CA        0        0        0        0
     102        :22@CA_:16@CA        0        0        0        0
     103          :9@CA_:4@CA        0        0        0        0
     104         :5@CA_:35@CA        0        0        0        0
     105         :34@CA_:8@CA        0        0        0        0
     106         :35@CA_:4@CA        0        0        0        0
     107         :35@CA_:5@CA        0        0        0        0
     108         :4@CA_:40@CA        0        0        0        0
     109         :39@CA_:3@CA        0        0        0        0
     110         :40@CA_:4@CA        0        0        0        0
