# Contacts: Contacts_00002
# Native contacts determined from mask ':1-52@CA' and mask ':1-52@CA'
#                     Contact  Nframes    Frac.      Avg    Stdev
       1        :27@CA_:23@CA        8        1     5.09    0.643
       2        :23@CA_:27@CA        8        1     5.09    0.643
       3        :35@CA_:31@CA        8        1     6.16    0.636
       4        :31@CA_:35@CA        8        1     6.16    0.636
       5        :27@CA_:31@CA        8        1     6.46    0.279
       6        :31@CA_:27@CA        8        1     6.46    0.279
       7         :12@CA_:8@CA        7    0.875     5.83      0.5
       8         :8@CA_:12@CA        7    0.875     5.83      0.5
       9        :34@CA_:30@CA        7    0.875     6.05   0.0865
      10        :30@CA_:34@CA        7    0.875     6.05   0.0865
      11        :32@CA_:36@CA        6     0.75     5.03    0.213
      12        :36@CA_:32@CA        6     0.75     5.03    0.213
      13        :32@CA_:28@CA        6     0.75     6.12    0.574
      14        :28@CA_:32@CA        6     0.75     6.12    0.574
      15        :31@CA_:36@CA        6     0.75     6.15    0.231
      16        :36@CA_:31@CA        6     0.75     6.15    0.231
      17         :13@CA_:9@CA        6     0.75     6.28     0.16
      18         :9@CA_:13@CA        6     0.75     6.28     0.16
      19        :16@CA_:12@CA        6     0.75     6.32    0.228
      20        :12@CA_:16@CA        6     0.75     6.32    0.228
      21        :28@CA_:24@CA        6     0.75     6.35    0.442
      22        :24@CA_:28@CA        6     0.75     6.35    0.442
      23        :29@CA_:33@CA        6     0.75     6.37    0.428
      24        :33@CA_:29@CA        6     0.75     6.37    0.428
      25        :38@CA_:42@CA        5    0.625     5.54    0.802
      26        :42@CA_:38@CA        5    0.625     5.54    0.802
      27        :41@CA_:37@CA        5    0.625      5.9     1.18
      28        :37@CA_:41@CA        5    0.625      5.9     1.18
      29        :20@CA_:16@CA        5    0.625     5.95     0.86
      30        :16@CA_:20@CA        5    0.625     5.95     0.86
      31        :19@CA_:15@CA        5    0.625     5.95    0.585
      32        :15@CA_:19@CA        5    0.625     5.95    0.585
      33        :46@CA_:42@CA        5    0.625     6.12    0.841
      34        :42@CA_:46@CA        5    0.625     6.12    0.841
      35        :15@CA_:11@CA        5    0.625      6.3    0.363
      36        :11@CA_:15@CA        5    0.625      6.3    0.363
      37        :14@CA_:18@CA        5    0.625     6.32    0.332
      38        :18@CA_:14@CA        5    0.625     6.32    0.332
      39        :22@CA_:27@CA        5    0.625     6.45    0.345
      40        :27@CA_:22@CA        5    0.625     6.45    0.345
      41          :5@CA_:9@CA        4      0.5     4.44    0.926
      42          :9@CA_:5@CA        4      0.5     4.44    0.926
      43        :47@CA_:43@CA        4      0.5     5.51    0.555
      44        :43@CA_:47@CA        4      0.5     5.51    0.555
      45         :10@CA_:6@CA        4      0.5     5.73    0.784
      46         :6@CA_:10@CA        4      0.5     5.73    0.784
      47        :48@CA_:44@CA        4      0.5        6    0.524
      48        :44@CA_:48@CA        4      0.5        6    0.524
      49        :13@CA_:17@CA        4      0.5     6.03     1.24
      50        :17@CA_:13@CA        4      0.5     6.03     1.24
      51        :43@CA_:39@CA        4      0.5     6.17     0.26
      52        :39@CA_:43@CA        4      0.5     6.17     0.26
      53         :7@CA_:11@CA        4      0.5     6.76    0.212
      54         :11@CA_:7@CA        4      0.5     6.76    0.212
      55        :46@CA_:50@CA        3    0.375     5.39    0.899
      56        :50@CA_:46@CA        3    0.375     5.39    0.899
      57        :51@CA_:47@CA        3    0.375     5.65    0.504
      58        :47@CA_:51@CA        3    0.375     5.65    0.504
      59        :41@CA_:45@CA        3    0.375     5.67    0.865
      60        :45@CA_:41@CA        3    0.375     5.67    0.865
      61        :17@CA_:21@CA        3    0.375     6.66    0.294
      62        :21@CA_:17@CA        3    0.375     6.66    0.294
      63        :37@CA_:32@CA        2     0.25     4.29    0.236
      64        :32@CA_:37@CA        2     0.25     4.29    0.236
      65        :46@CA_:51@CA        2     0.25     5.24     0.47
      66        :51@CA_:46@CA        2     0.25     5.24     0.47
      67        :22@CA_:26@CA        2     0.25     6.34    0.371
      68        :26@CA_:22@CA        2     0.25     6.34    0.371
      69        :26@CA_:30@CA        2     0.25     6.39   0.0445
      70        :30@CA_:26@CA        2     0.25     6.39   0.0445
      71        :40@CA_:44@CA        2     0.25     6.48    0.312
      72        :44@CA_:40@CA        2     0.25     6.48    0.312
      73        :41@CA_:36@CA        2     0.25     6.56    0.379
      74        :36@CA_:41@CA        2     0.25     6.56    0.379
      75        :29@CA_:25@CA        2     0.25     6.96  0.00444
      76        :25@CA_:29@CA        2     0.25     6.96  0.00444
      77        :40@CA_:36@CA        1    0.125     3.36        0
      78        :36@CA_:40@CA        1    0.125     3.36        0
      79         :40@CA_:3@CA        1    0.125     4.21        0
      80         :3@CA_:40@CA        1    0.125     4.21        0
      81         :4@CA_:40@CA        1    0.125     5.12        0
      82         :40@CA_:4@CA        1    0.125     5.12        0
      83        :14@CA_:19@CA        1    0.125     6.53 8.43e-08
      84        :19@CA_:14@CA        1    0.125     6.53 8.43e-08
      85        :13@CA_:18@CA        1    0.125      6.8        0
      86        :18@CA_:13@CA        1    0.125      6.8        0
      87         :3@CA_:39@CA        1    0.125     6.94        0
      88         :39@CA_:3@CA        1    0.125     6.94        0
      89         :8@CA_:34@CA        0        0        0        0
      90        :22@CA_:16@CA        0        0        0        0
      91        :21@CA_:16@CA        0        0        0        0
      92          :4@CA_:9@CA        0        0        0        0
      93         :4@CA_:35@CA        0        0        0        0
      94         :4@CA_:36@CA        0        0        0        0
      95        :21@CA_:15@CA        0        0        0        0
      96         :4@CA_:37@CA        0        0        0        0
      97         :34@CA_:8@CA        0        0        0        0
      98         :5@CA_:35@CA        0        0        0        0
      99         :5@CA_:36@CA        0        0        0        0
     100        :15@CA_:21@CA        0        0        0        0
     101          :9@CA_:4@CA        0        0        0        0
     102        :10@CA_:14@CA        0        0        0        0
     103         :35@CA_:4@CA        0        0        0        0
     104         :35@CA_:5@CA        0        0        0        0
     105         :36@CA_:4@CA        0        0        0        0
     106         :36@CA_:5@CA        0        0        0        0
     107        :16@CA_:22@CA        0        0        0        0
     108        :16@CA_:21@CA        0        0        0        0
     109        :14@CA_:10@CA        0        0        0        0
     110         :37@CA_:4@CA        0        0        0        0
