# Contacts: Contacts_00002
# Native contacts determined from mask ':1-52@CA' and mask ':1-52@CA'
#                     Contact  Nframes    Frac.      Avg    Stdev
       1        :26@CA_:22@CA        8        1     5.41    0.512
       2        :22@CA_:26@CA        8        1     5.41    0.512
       3         :12@CA_:8@CA        8        1     5.92    0.806
       4         :8@CA_:12@CA        8        1     5.92    0.806
       5         :13@CA_:9@CA        8        1     6.09    0.622
       6         :9@CA_:13@CA        8        1     6.09    0.622
       7        :31@CA_:35@CA        7    0.875     5.14    0.604
       8        :35@CA_:31@CA        7    0.875     5.14    0.604
       9        :42@CA_:38@CA        7    0.875     5.16    0.919
      10        :38@CA_:42@CA        7    0.875     5.16    0.919
      11        :27@CA_:23@CA        7    0.875     5.46    0.519
      12        :23@CA_:27@CA        7    0.875     5.46    0.519
      13        :34@CA_:30@CA        7    0.875     5.99    0.196
      14        :30@CA_:34@CA        7    0.875     5.99    0.196
      15        :45@CA_:41@CA        7    0.875     6.15    0.212
      16        :41@CA_:45@CA        7    0.875     6.15    0.212
      17        :15@CA_:11@CA        7    0.875     6.21    0.463
      18        :11@CA_:15@CA        7    0.875     6.21    0.463
      19        :43@CA_:39@CA        7    0.875     6.22    0.474
      20        :39@CA_:43@CA        7    0.875     6.22    0.474
      21        :18@CA_:14@CA        7    0.875      6.3    0.371
      22        :14@CA_:18@CA        7    0.875      6.3    0.371
      23          :5@CA_:9@CA        6     0.75     4.96     1.12
      24          :9@CA_:5@CA        6     0.75     4.96     1.12
      25        :30@CA_:26@CA        6     0.75     5.99    0.206
      26        :26@CA_:30@CA        6     0.75     5.99    0.206
      27        :27@CA_:31@CA        6     0.75     5.99    0.495
      28        :31@CA_:27@CA        6     0.75     5.99    0.495
      29        :12@CA_:16@CA        6     0.75     6.08    0.535
      30        :16@CA_:12@CA        6     0.75     6.08    0.535
      31        :19@CA_:15@CA        6     0.75     6.12    0.161
      32        :15@CA_:19@CA        6     0.75     6.12    0.161
      33        :20@CA_:16@CA        6     0.75     6.15    0.251
      34        :16@CA_:20@CA        6     0.75     6.15    0.251
      35        :50@CA_:46@CA        6     0.75     6.18    0.623
      36        :46@CA_:50@CA        6     0.75     6.18    0.623
      37        :10@CA_:14@CA        6     0.75     6.28    0.429
      38        :14@CA_:10@CA        6     0.75     6.28    0.429
      39        :32@CA_:36@CA        5    0.625      5.9    0.636
      40        :36@CA_:32@CA        5    0.625      5.9    0.636
      41        :27@CA_:22@CA        5    0.625     6.13   0.0564
      42        :22@CA_:27@CA        5    0.625     6.13   0.0564
      43        :13@CA_:17@CA        5    0.625      6.2    0.591
      44        :17@CA_:13@CA        5    0.625      6.2    0.591
      45        :17@CA_:21@CA        5    0.625     6.23    0.377
      46        :21@CA_:17@CA        5    0.625     6.23    0.377
      47        :37@CA_:41@CA        5    0.625     6.24    0.678
      48        :41@CA_:37@CA        5    0.625     6.24    0.678
      49        :29@CA_:33@CA        5    0.625     6.33    0.248
      50        :33@CA_:29@CA        5    0.625     6.33    0.248
      51        :28@CA_:32@CA        5    0.625     6.63    0.188
      52        :32@CA_:28@CA        5    0.625     6.63    0.188
      53        :44@CA_:40@CA        4      0.5     6.05    0.727
      54        :40@CA_:44@CA        4      0.5     6.05    0.727
      55        :51@CA_:47@CA        4      0.5     6.14    0.542
      56        :47@CA_:51@CA        4      0.5     6.14    0.542
      57        :48@CA_:44@CA        4      0.5     6.19    0.296
      58        :44@CA_:48@CA        4      0.5     6.19    0.296
      59        :40@CA_:36@CA        4      0.5     6.21    0.512
      60        :36@CA_:40@CA        4      0.5     6.21    0.512
      61         :7@CA_:11@CA        4      0.5     6.31    0.893
      62         :11@CA_:7@CA        4      0.5     6.31    0.893
      63         :6@CA_:10@CA        4      0.5     6.39    0.856
      64         :10@CA_:6@CA        4      0.5     6.39    0.856
      65        :28@CA_:24@CA        4      0.5     6.61    0.308
      66        :24@CA_:28@CA        4      0.5     6.61    0.308
      67        :31@CA_:36@CA        3    0.375     5.69     1.06
      68        :36@CA_:31@CA        3    0.375     5.69     1.06
      69        :42@CA_:46@CA        3    0.375     6.23    0.503
      70        :46@CA_:42@CA        3    0.375     6.23    0.503
      71        :32@CA_:37@CA        2     0.25     5.66    0.891
      72        :37@CA_:32@CA        2     0.25     5.66    0.891
      73         :40@CA_:4@CA        1    0.125     5.65        0
      74         :4@CA_:40@CA        1    0.125     5.65        0
      75        :41@CA_:36@CA        1    0.125     6.21        0
      76        :36@CA_:41@CA        1    0.125     6.21        0
      77        :47@CA_:43@CA        1    0.125     6.53        0
      78        :43@CA_:47@CA        1    0.125     6.53        0
      79        :25@CA_:29@CA        1    0.125     6.82        0
      80        :29@CA_:25@CA        1    0.125     6.82        0
      81          :4@CA_:9@CA        1    0.125        7        0
      82          :9@CA_:4@CA        1    0.125        7        0
      83         :4@CA_:36@CA        0        0        0        0
      84         :4@CA_:35@CA        0        0        0        0
      85        :46@CA_:51@CA        0        0        0        0
      86         :4@CA_:37@CA        0        0        0        0
      87         :3@CA_:40@CA        0        0        0        0
      88         :5@CA_:35@CA        0        0        0        0
      89        :51@CA_:46@CA        0        0        0        0
      90         :3@CA_:39@CA        0        0        0        0
      91         :5@CA_:36@CA        0        0        0        0
      92         :40@CA_:3@CA        0        0        0        0
      93         :36@CA_:4@CA        0        0        0        0
      94        :16@CA_:22@CA        0        0        0        0
      95        :16@CA_:21@CA        0        0        0        0
      96        :15@CA_:21@CA        0        0        0        0
      97         :34@CA_:8@CA        0        0        0        0
      98        :14@CA_:19@CA        0        0        0        0
      99         :35@CA_:4@CA        0        0        0        0
     100         :35@CA_:5@CA        0        0        0        0
     101        :13@CA_:18@CA        0        0        0        0
     102        :22@CA_:16@CA        0        0        0        0
     103         :36@CA_:5@CA        0        0        0        0
     104        :18@CA_:13@CA        0        0        0        0
     105        :19@CA_:14@CA        0        0        0        0
     106         :37@CA_:4@CA        0        0        0        0
     107        :21@CA_:15@CA        0        0        0        0
     108         :39@CA_:3@CA        0        0        0        0
     109         :8@CA_:34@CA        0        0        0        0
     110        :21@CA_:16@CA        0        0        0        0
