# Contacts: Contacts_00002
# Native contacts determined from mask ':1-52@CA' and mask ':1-52@CA'
#                     Contact  Nframes    Frac.      Avg    Stdev
       1        :26@CA_:22@CA        7    0.875     5.13    0.387
       2        :22@CA_:26@CA        7    0.875     5.13    0.387
       3         :11@CA_:7@CA        7    0.875     5.86    0.696
       4         :7@CA_:11@CA        7    0.875     5.86    0.696
       5        :42@CA_:38@CA        7    0.875     5.87     1.16
       6        :38@CA_:42@CA        7    0.875     5.87     1.16
       7         :13@CA_:9@CA        7    0.875     6.03     0.43
       8         :9@CA_:13@CA        7    0.875     6.03     0.43
       9        :12@CA_:16@CA        7    0.875     6.09    0.483
      10        :16@CA_:12@CA        7    0.875     6.09    0.483
      11        :17@CA_:13@CA        7    0.875     6.18    0.406
      12        :13@CA_:17@CA        7    0.875     6.18    0.406
      13        :15@CA_:19@CA        7    0.875     6.23    0.191
      14        :19@CA_:15@CA        7    0.875     6.23    0.191
      15        :14@CA_:18@CA        7    0.875     6.51     0.35
      16        :18@CA_:14@CA        7    0.875     6.51     0.35
      17        :23@CA_:27@CA        6     0.75     5.12    0.353
      18        :27@CA_:23@CA        6     0.75     5.12    0.353
      19        :51@CA_:47@CA        6     0.75      5.6    0.541
      20        :47@CA_:51@CA        6     0.75      5.6    0.541
      21        :50@CA_:46@CA        6     0.75     5.71    0.649
      22        :46@CA_:50@CA        6     0.75     5.71    0.649
      23         :12@CA_:8@CA        6     0.75     5.76    0.795
      24         :8@CA_:12@CA        6     0.75     5.76    0.795
      25        :34@CA_:30@CA        6     0.75     6.03    0.484
      26        :30@CA_:34@CA        6     0.75     6.03    0.484
      27        :37@CA_:41@CA        6     0.75     6.12     0.89
      28        :41@CA_:37@CA        6     0.75     6.12     0.89
      29        :27@CA_:22@CA        6     0.75     6.22     0.37
      30        :22@CA_:27@CA        6     0.75     6.22     0.37
      31        :14@CA_:10@CA        6     0.75     6.35    0.583
      32        :10@CA_:14@CA        6     0.75     6.35    0.583
      33        :43@CA_:39@CA        6     0.75     6.47    0.304
      34        :39@CA_:43@CA        6     0.75     6.47    0.304
      35        :31@CA_:35@CA        5    0.625     5.83    0.602
      36        :35@CA_:31@CA        5    0.625     5.83    0.602
      37         :6@CA_:10@CA        5    0.625      5.9    0.747
      38         :10@CA_:6@CA        5    0.625      5.9    0.747
      39        :44@CA_:48@CA        5    0.625     5.94    0.727
      40        :48@CA_:44@CA        5    0.625     5.94    0.727
      41        :15@CA_:11@CA        5    0.625     6.06    0.556
      42        :11@CA_:15@CA        5    0.625     6.06    0.556
      43        :32@CA_:36@CA        5    0.625     6.17    0.921
      44        :36@CA_:32@CA        5    0.625     6.17    0.921
      45        :30@CA_:26@CA        5    0.625     6.21    0.179
      46        :26@CA_:30@CA        5    0.625     6.21    0.179
      47        :20@CA_:16@CA        5    0.625     6.37     0.26
      48        :16@CA_:20@CA        5    0.625     6.37     0.26
      49        :40@CA_:44@CA        5    0.625     6.65    0.287
      50        :44@CA_:40@CA        5    0.625     6.65    0.287
      51        :43@CA_:47@CA        4      0.5     5.88    0.591
      52        :47@CA_:43@CA        4      0.5     5.88    0.591
      53        :41@CA_:45@CA        4      0.5     6.09    0.302
      54        :45@CA_:41@CA        4      0.5     6.09    0.302
      55        :27@CA_:31@CA        4      0.5     6.09    0.282
      56        :31@CA_:27@CA        4      0.5     6.09    0.282
      57        :36@CA_:40@CA        3    0.375     5.44     1.09
      58        :40@CA_:36@CA        3    0.375     5.44     1.09
      59        :36@CA_:31@CA        3    0.375     6.15    0.132
      60        :31@CA_:36@CA        3    0.375     6.15    0.132
      61        :21@CA_:17@CA        3    0.375     6.16   0.0619
      62        :17@CA_:21@CA        3    0.375     6.16   0.0619
      63        :29@CA_:33@CA        3    0.375     6.25     0.34
      64        :33@CA_:29@CA        3    0.375     6.25     0.34
      65        :46@CA_:42@CA        3    0.375      6.3    0.181
      66        :42@CA_:46@CA        3    0.375      6.3    0.181
      67        :46@CA_:51@CA        3    0.375     6.42    0.326
      68        :51@CA_:46@CA        3    0.375     6.42    0.326
      69        :29@CA_:25@CA        3    0.375     6.46    0.356
      70        :25@CA_:29@CA        3    0.375     6.46    0.356
      71        :24@CA_:28@CA        3    0.375     6.46     0.17
      72        :28@CA_:24@CA        3    0.375     6.46     0.17
      73          :9@CA_:5@CA        2     0.25     5.23     1.38
      74          :5@CA_:9@CA        2     0.25     5.23     1.38
      75        :32@CA_:28@CA        2     0.25     6.19    0.212
      76        :28@CA_:32@CA        2     0.25     6.19    0.212
      77        :36@CA_:41@CA        2     0.25      6.6    0.265
      78        :41@CA_:36@CA        2     0.25      6.6    0.265
      79        :37@CA_:32@CA        2     0.25     6.64   0.0895
      80        :32@CA_:37@CA        2     0.25     6.64   0.0895
      81          :9@CA_:4@CA        1    0.125     6.06        0
      82          :4@CA_:9@CA        1    0.125     6.06        0
      83        :14@CA_:19@CA        0        0        0        0
      84         :3@CA_:40@CA        0        0        0        0
      85         :8@CA_:34@CA        0        0        0        0
      86        :15@CA_:21@CA        0        0        0        0
      87        :16@CA_:21@CA        0        0        0        0
      88        :16@CA_:22@CA        0        0        0        0
      89        :13@CA_:18@CA        0        0        0        0
      90        :18@CA_:13@CA        0        0        0        0
      91         :5@CA_:36@CA        0        0        0        0
      92         :3@CA_:39@CA        0        0        0        0
      93        :22@CA_:16@CA        0        0        0        0
      94         :4@CA_:36@CA        0        0        0        0
      95         :4@CA_:37@CA        0        0        0        0
      96         :34@CA_:8@CA        0        0        0        0
      97         :35@CA_:4@CA        0        0        0        0
      98         :35@CA_:5@CA        0        0        0        0
      99         :4@CA_:40@CA        0        0        0        0
     100         :36@CA_:4@CA        0        0        0        0
     101         :36@CA_:5@CA        0        0        0        0
     102        :19@CA_:14@CA        0        0        0        0
     103         :37@CA_:4@CA        0        0        0        0
     104        :21@CA_:16@CA        0        0        0        0
     105         :4@CA_:35@CA        0        0        0        0
     106         :39@CA_:3@CA        0        0        0        0
     107        :21@CA_:15@CA        0        0        0        0
     108         :40@CA_:3@CA        0        0        0        0
     109         :40@CA_:4@CA        0        0        0        0
     110         :5@CA_:35@CA        0        0        0        0
