# Contacts: Contacts_00002
# Native contacts determined from mask ':1-52@CA' and mask ':1-52@CA'
#                     Contact  Nframes    Frac.      Avg    Stdev
       1        :34@CA_:30@CA        8        1     5.77    0.722
       2        :30@CA_:34@CA        8        1     5.77    0.722
       3        :19@CA_:15@CA        8        1     6.28    0.408
       4        :15@CA_:19@CA        8        1     6.28    0.408
       5        :22@CA_:26@CA        7    0.875     5.47    0.354
       6        :26@CA_:22@CA        7    0.875     5.47    0.354
       7        :16@CA_:12@CA        7    0.875     5.74     0.74
       8        :12@CA_:16@CA        7    0.875     5.74     0.74
       9        :15@CA_:11@CA        7    0.875     5.82    0.664
      10        :11@CA_:15@CA        7    0.875     5.82    0.664
      11        :18@CA_:14@CA        7    0.875     6.35    0.549
      12        :14@CA_:18@CA        7    0.875     6.35    0.549
      13        :20@CA_:16@CA        7    0.875     6.42    0.279
      14        :16@CA_:20@CA        7    0.875     6.42    0.279
      15        :50@CA_:46@CA        6     0.75     5.37    0.664
      16        :46@CA_:50@CA        6     0.75     5.37    0.664
      17        :23@CA_:27@CA        6     0.75      5.4    0.599
      18        :27@CA_:23@CA        6     0.75      5.4    0.599
      19        :42@CA_:38@CA        6     0.75     5.71    0.925
      20        :38@CA_:42@CA        6     0.75     5.71    0.925
      21        :31@CA_:27@CA        6     0.75     5.99    0.331
      22        :27@CA_:31@CA        6     0.75     5.99    0.331
      23        :17@CA_:21@CA        6     0.75     6.46    0.228
      24        :21@CA_:17@CA        6     0.75     6.46    0.228
      25        :17@CA_:13@CA        5    0.625     5.44    0.628
      26        :13@CA_:17@CA        5    0.625     5.44    0.628
      27        :44@CA_:48@CA        5    0.625     5.74    0.592
      28        :48@CA_:44@CA        5    0.625     5.74    0.592
      29        :14@CA_:10@CA        5    0.625        6    0.407
      30        :10@CA_:14@CA        5    0.625        6    0.407
      31        :39@CA_:43@CA        5    0.625     6.03    0.277
      32        :43@CA_:39@CA        5    0.625     6.03    0.277
      33        :41@CA_:45@CA        5    0.625     6.19    0.207
      34        :45@CA_:41@CA        5    0.625     6.19    0.207
      35         :12@CA_:8@CA        5    0.625     6.38    0.266
      36         :8@CA_:12@CA        5    0.625     6.38    0.266
      37        :33@CA_:29@CA        5    0.625     6.41    0.405
      38        :29@CA_:33@CA        5    0.625     6.41    0.405
      39        :22@CA_:27@CA        5    0.625     6.42    0.205
      40        :27@CA_:22@CA        5    0.625     6.42    0.205
      41        :47@CA_:51@CA        4      0.5     5.64     0.79
      42        :51@CA_:47@CA        4      0.5     5.64     0.79
      43        :46@CA_:42@CA        4      0.5     5.94    0.362
      44        :42@CA_:46@CA        4      0.5     5.94    0.362
      45        :24@CA_:28@CA        4      0.5     6.02    0.449
      46        :28@CA_:24@CA        4      0.5     6.02    0.449
      47        :41@CA_:37@CA        4      0.5     6.19    0.735
      48        :37@CA_:41@CA        4      0.5     6.19    0.735
      49        :40@CA_:44@CA        4      0.5     6.23    0.994
      50        :44@CA_:40@CA        4      0.5     6.23    0.994
      51         :13@CA_:9@CA        4      0.5     6.56    0.379
      52         :9@CA_:13@CA        4      0.5     6.56    0.379
      53         :11@CA_:7@CA        3    0.375     4.75    0.461
      54         :7@CA_:11@CA        3    0.375     4.75    0.461
      55        :43@CA_:47@CA        3    0.375     5.55    0.705
      56        :47@CA_:43@CA        3    0.375     5.55    0.705
      57        :35@CA_:31@CA        3    0.375     6.05    0.814
      58        :31@CA_:35@CA        3    0.375     6.05    0.814
      59          :5@CA_:9@CA        3    0.375     6.14    0.561
      60          :9@CA_:5@CA        3    0.375     6.14    0.561
      61         :10@CA_:6@CA        3    0.375     6.26    0.071
      62         :6@CA_:10@CA        3    0.375     6.26    0.071
      63        :26@CA_:30@CA        3    0.375     6.39     0.38
      64        :30@CA_:26@CA        3    0.375     6.39     0.38
      65        :37@CA_:32@CA        2     0.25     4.94   0.0615
      66        :32@CA_:37@CA        2     0.25     4.94   0.0615
      67        :36@CA_:32@CA        2     0.25     5.22    0.262
      68        :32@CA_:36@CA        2     0.25     5.22    0.262
      69        :40@CA_:36@CA        2     0.25     5.47    0.684
      70        :36@CA_:40@CA        2     0.25     5.47    0.684
      71        :31@CA_:36@CA        2     0.25     6.05   0.0446
      72        :36@CA_:31@CA        2     0.25     6.05   0.0446
      73        :32@CA_:28@CA        2     0.25     6.56    0.433
      74        :28@CA_:32@CA        2     0.25     6.56    0.433
      75        :51@CA_:46@CA        2     0.25     6.62     0.22
      76        :46@CA_:51@CA        2     0.25     6.62     0.22
      77        :18@CA_:13@CA        1    0.125     5.67        0
      78        :13@CA_:18@CA        1    0.125     5.67        0
      79          :9@CA_:4@CA        1    0.125      5.9        0
      80          :4@CA_:9@CA        1    0.125      5.9        0
      81        :36@CA_:41@CA        1    0.125     6.42        0
      82        :41@CA_:36@CA        1    0.125     6.42        0
      83        :14@CA_:19@CA        1    0.125     6.51        0
      84        :19@CA_:14@CA        1    0.125     6.51        0
      85         :4@CA_:35@CA        0        0        0        0
      86         :36@CA_:5@CA        0        0        0        0
      87         :3@CA_:40@CA        0        0        0        0
      88         :5@CA_:35@CA        0        0        0        0
      89         :5@CA_:36@CA        0        0        0        0
      90         :4@CA_:36@CA        0        0        0        0
      91         :4@CA_:40@CA        0        0        0        0
      92         :4@CA_:37@CA        0        0        0        0
      93         :3@CA_:39@CA        0        0        0        0
      94         :34@CA_:8@CA        0        0        0        0
      95        :21@CA_:15@CA        0        0        0        0
      96        :21@CA_:16@CA        0        0        0        0
      97        :22@CA_:16@CA        0        0        0        0
      98        :16@CA_:22@CA        0        0        0        0
      99        :16@CA_:21@CA        0        0        0        0
     100        :15@CA_:21@CA        0        0        0        0
     101        :25@CA_:29@CA        0        0        0        0
     102        :29@CA_:25@CA        0        0        0        0
     103         :40@CA_:4@CA        0        0        0        0
     104         :8@CA_:34@CA        0        0        0        0
     105         :35@CA_:4@CA        0        0        0        0
     106         :35@CA_:5@CA        0        0        0        0
     107         :36@CA_:4@CA        0        0        0        0
     108         :37@CA_:4@CA        0        0        0        0
     109         :39@CA_:3@CA        0        0        0        0
     110         :40@CA_:3@CA        0        0        0        0
