# Contacts: Contacts_00002
# Native contacts determined from mask ':1-52@CA' and mask ':1-52@CA'
#                     Contact  Nframes    Frac.      Avg    Stdev
       1        :27@CA_:23@CA        8        1     5.04    0.369
       2        :23@CA_:27@CA        8        1     5.04    0.369
       3        :27@CA_:31@CA        8        1     6.38    0.352
       4        :31@CA_:27@CA        8        1     6.38    0.352
       5        :26@CA_:22@CA        7    0.875     5.41    0.369
       6        :22@CA_:26@CA        7    0.875     5.41    0.369
       7         :13@CA_:9@CA        7    0.875     5.86    0.684
       8         :9@CA_:13@CA        7    0.875     5.86    0.684
       9         :12@CA_:8@CA        7    0.875     5.96    0.499
      10         :8@CA_:12@CA        7    0.875     5.96    0.499
      11        :50@CA_:46@CA        7    0.875     6.09     0.85
      12        :46@CA_:50@CA        7    0.875     6.09     0.85
      13        :16@CA_:12@CA        7    0.875     6.13    0.358
      14        :12@CA_:16@CA        7    0.875     6.13    0.358
      15        :22@CA_:27@CA        7    0.875     6.35    0.131
      16        :27@CA_:22@CA        7    0.875     6.35    0.131
      17        :13@CA_:17@CA        7    0.875     6.48    0.338
      18        :17@CA_:13@CA        7    0.875     6.48    0.338
      19        :24@CA_:28@CA        6     0.75     5.73     0.64
      20        :28@CA_:24@CA        6     0.75     5.73     0.64
      21        :19@CA_:15@CA        6     0.75     6.11    0.173
      22        :15@CA_:19@CA        6     0.75     6.11    0.173
      23        :18@CA_:14@CA        6     0.75     6.37    0.352
      24        :14@CA_:18@CA        6     0.75     6.37    0.352
      25        :32@CA_:36@CA        5    0.625     5.41    0.527
      26        :36@CA_:32@CA        5    0.625     5.41    0.527
      27        :11@CA_:15@CA        5    0.625     5.79    0.597
      28        :15@CA_:11@CA        5    0.625     5.79    0.597
      29        :31@CA_:36@CA        5    0.625     5.79    0.271
      30        :36@CA_:31@CA        5    0.625     5.79    0.271
      31         :7@CA_:11@CA        5    0.625     5.83    0.634
      32         :11@CA_:7@CA        5    0.625     5.83    0.634
      33        :47@CA_:43@CA        5    0.625     5.92    0.582
      34        :43@CA_:47@CA        5    0.625     5.92    0.582
      35        :34@CA_:30@CA        5    0.625     6.03    0.308
      36        :30@CA_:34@CA        5    0.625     6.03    0.308
      37        :31@CA_:35@CA        5    0.625      6.1    0.628
      38        :35@CA_:31@CA        5    0.625      6.1    0.628
      39        :36@CA_:40@CA        5    0.625     6.12    0.433
      40        :40@CA_:36@CA        5    0.625     6.12    0.433
      41        :42@CA_:46@CA        5    0.625     6.13    0.533
      42        :46@CA_:42@CA        5    0.625     6.13    0.533
      43        :32@CA_:28@CA        5    0.625     6.45    0.187
      44        :28@CA_:32@CA        5    0.625     6.45    0.187
      45        :37@CA_:32@CA        4      0.5     5.01    0.137
      46        :32@CA_:37@CA        4      0.5     5.01    0.137
      47        :38@CA_:42@CA        4      0.5     5.62    0.712
      48        :42@CA_:38@CA        4      0.5     5.62    0.712
      49        :48@CA_:44@CA        4      0.5     5.95    0.322
      50        :44@CA_:48@CA        4      0.5     5.95    0.322
      51         :6@CA_:10@CA        4      0.5     6.06     0.25
      52         :10@CA_:6@CA        4      0.5     6.06     0.25
      53        :21@CA_:17@CA        4      0.5     6.13    0.132
      54        :17@CA_:21@CA        4      0.5     6.13    0.132
      55        :47@CA_:51@CA        4      0.5     6.19    0.281
      56        :51@CA_:47@CA        4      0.5     6.19    0.281
      57        :14@CA_:10@CA        4      0.5     6.24    0.414
      58        :10@CA_:14@CA        4      0.5     6.24    0.414
      59        :39@CA_:43@CA        4      0.5     6.34    0.133
      60        :43@CA_:39@CA        4      0.5     6.34    0.133
      61        :29@CA_:33@CA        4      0.5     6.73     0.21
      62        :33@CA_:29@CA        4      0.5     6.73     0.21
      63          :9@CA_:5@CA        3    0.375     5.08    0.405
      64          :5@CA_:9@CA        3    0.375     5.08    0.405
      65        :41@CA_:37@CA        3    0.375     5.74    0.912
      66        :37@CA_:41@CA        3    0.375     5.74    0.912
      67        :20@CA_:16@CA        3    0.375     6.08    0.116
      68        :16@CA_:20@CA        3    0.375     6.08    0.116
      69        :30@CA_:26@CA        3    0.375     6.24    0.411
      70        :26@CA_:30@CA        3    0.375     6.24    0.411
      71        :41@CA_:45@CA        3    0.375     6.63    0.234
      72        :45@CA_:41@CA        3    0.375     6.63    0.234
      73         :5@CA_:35@CA        1    0.125     4.99        0
      74         :35@CA_:5@CA        1    0.125     4.99        0
      75          :9@CA_:4@CA        1    0.125     5.25        0
      76          :4@CA_:9@CA        1    0.125     5.25        0
      77        :41@CA_:36@CA        1    0.125     6.08        0
      78        :36@CA_:41@CA        1    0.125     6.08        0
      79        :25@CA_:29@CA        1    0.125      6.3        0
      80        :29@CA_:25@CA        1    0.125      6.3        0
      81         :36@CA_:5@CA        1    0.125     6.45        0
      82         :5@CA_:36@CA        1    0.125     6.45        0
      83        :51@CA_:46@CA        1    0.125     6.57        0
      84        :46@CA_:51@CA        1    0.125     6.57        0
      85         :40@CA_:4@CA        1    0.125     6.89        0
      86         :4@CA_:40@CA        1    0.125     6.89        0
      87        :44@CA_:40@CA        1    0.125     6.97        0
      88        :40@CA_:44@CA        1    0.125     6.97        0
      89        :21@CA_:15@CA        0        0        0        0
      90         :8@CA_:34@CA        0        0        0        0
      91        :21@CA_:16@CA        0        0        0        0
      92         :4@CA_:37@CA        0        0        0        0
      93         :4@CA_:36@CA        0        0        0        0
      94         :4@CA_:35@CA        0        0        0        0
      95        :22@CA_:16@CA        0        0        0        0
      96         :3@CA_:40@CA        0        0        0        0
      97         :3@CA_:39@CA        0        0        0        0
      98        :19@CA_:14@CA        0        0        0        0
      99        :13@CA_:18@CA        0        0        0        0
     100        :18@CA_:13@CA        0        0        0        0
     101        :16@CA_:22@CA        0        0        0        0
     102        :16@CA_:21@CA        0        0        0        0
     103         :34@CA_:8@CA        0        0        0        0
     104         :40@CA_:3@CA        0        0        0        0
     105         :35@CA_:4@CA        0        0        0        0
     106         :39@CA_:3@CA        0        0        0        0
     107        :15@CA_:21@CA        0        0        0        0
     108         :36@CA_:4@CA        0        0        0        0
     109         :37@CA_:4@CA        0        0        0        0
     110        :14@CA_:19@CA        0        0        0        0
