# Contacts: Contacts_00002
# Native contacts determined from mask ':1-52@CA' and mask ':1-52@CA'
#                     Contact  Nframes    Frac.      Avg    Stdev
       1        :50@CA_:46@CA        8        1     6.13    0.352
       2        :46@CA_:50@CA        8        1     6.13    0.352
       3        :23@CA_:27@CA        7    0.875     4.76    0.871
       4        :27@CA_:23@CA        7    0.875     4.76    0.871
       5        :16@CA_:12@CA        7    0.875     6.02    0.485
       6        :12@CA_:16@CA        7    0.875     6.02    0.485
       7        :42@CA_:38@CA        6     0.75     5.41     1.03
       8        :38@CA_:42@CA        6     0.75     5.41     1.03
       9         :12@CA_:8@CA        6     0.75     5.62     1.11
      10         :8@CA_:12@CA        6     0.75     5.62     1.11
      11        :33@CA_:29@CA        6     0.75     5.81    0.924
      12        :29@CA_:33@CA        6     0.75     5.81    0.924
      13        :15@CA_:19@CA        6     0.75     5.94    0.391
      14        :19@CA_:15@CA        6     0.75     5.94    0.391
      15        :34@CA_:30@CA        6     0.75     5.99    0.676
      16        :30@CA_:34@CA        6     0.75     5.99    0.676
      17        :15@CA_:11@CA        6     0.75     6.02    0.684
      18        :11@CA_:15@CA        6     0.75     6.02    0.684
      19        :42@CA_:46@CA        6     0.75     6.12    0.418
      20        :46@CA_:42@CA        6     0.75     6.12    0.418
      21        :43@CA_:47@CA        6     0.75     6.22    0.672
      22        :47@CA_:43@CA        6     0.75     6.22    0.672
      23        :18@CA_:14@CA        6     0.75     6.38    0.448
      24        :14@CA_:18@CA        6     0.75     6.38    0.448
      25        :41@CA_:45@CA        6     0.75     6.52    0.482
      26        :45@CA_:41@CA        6     0.75     6.52    0.482
      27        :16@CA_:20@CA        5    0.625     5.64    0.813
      28        :20@CA_:16@CA        5    0.625     5.64    0.813
      29        :28@CA_:24@CA        5    0.625     5.86    0.828
      30        :24@CA_:28@CA        5    0.625     5.86    0.828
      31        :31@CA_:35@CA        5    0.625     5.86    0.617
      32        :35@CA_:31@CA        5    0.625     5.86    0.617
      33        :13@CA_:17@CA        5    0.625     6.21    0.411
      34        :17@CA_:13@CA        5    0.625     6.21    0.411
      35         :13@CA_:9@CA        5    0.625     6.25    0.451
      36         :9@CA_:13@CA        5    0.625     6.25    0.451
      37        :26@CA_:30@CA        5    0.625     6.34    0.546
      38        :30@CA_:26@CA        5    0.625     6.34    0.546
      39         :10@CA_:6@CA        4      0.5     5.59     1.43
      40         :6@CA_:10@CA        4      0.5     5.59     1.43
      41        :44@CA_:48@CA        4      0.5     5.87    0.622
      42        :48@CA_:44@CA        4      0.5     5.87    0.622
      43        :17@CA_:21@CA        4      0.5     5.91    0.595
      44        :21@CA_:17@CA        4      0.5     5.91    0.595
      45        :43@CA_:39@CA        4      0.5     6.19    0.452
      46        :39@CA_:43@CA        4      0.5     6.19    0.452
      47        :51@CA_:47@CA        4      0.5     6.24    0.619
      48        :47@CA_:51@CA        4      0.5     6.24    0.619
      49        :31@CA_:27@CA        4      0.5      6.3      0.4
      50        :27@CA_:31@CA        4      0.5      6.3      0.4
      51        :10@CA_:14@CA        4      0.5      6.4    0.446
      52        :14@CA_:10@CA        4      0.5      6.4    0.446
      53        :36@CA_:32@CA        3    0.375     5.31     0.62
      54        :32@CA_:36@CA        3    0.375     5.31     0.62
      55        :29@CA_:25@CA        3    0.375     5.86    0.579
      56        :25@CA_:29@CA        3    0.375     5.86    0.579
      57        :41@CA_:37@CA        3    0.375     6.12    0.408
      58        :37@CA_:41@CA        3    0.375     6.12    0.408
      59        :28@CA_:32@CA        3    0.375     6.33    0.138
      60        :32@CA_:28@CA        3    0.375     6.33    0.138
      61        :44@CA_:40@CA        3    0.375      6.9    0.131
      62        :40@CA_:44@CA        3    0.375      6.9    0.131
      63          :9@CA_:5@CA        2     0.25     5.49    0.867
      64          :5@CA_:9@CA        2     0.25     5.49    0.867
      65        :21@CA_:16@CA        2     0.25     5.58      0.6
      66        :16@CA_:21@CA        2     0.25     5.58      0.6
      67         :7@CA_:11@CA        2     0.25     5.64    0.298
      68         :11@CA_:7@CA        2     0.25     5.64    0.298
      69        :22@CA_:26@CA        2     0.25     5.88    0.556
      70        :26@CA_:22@CA        2     0.25     5.88    0.556
      71        :31@CA_:36@CA        2     0.25      6.1      0.3
      72        :36@CA_:31@CA        2     0.25      6.1      0.3
      73        :40@CA_:36@CA        2     0.25     6.49    0.273
      74        :36@CA_:40@CA        2     0.25     6.49    0.273
      75        :37@CA_:32@CA        1    0.125     4.74        0
      76        :32@CA_:37@CA        1    0.125     4.74        0
      77        :16@CA_:22@CA        1    0.125     5.29        0
      78        :22@CA_:16@CA        1    0.125     5.29        0
      79        :22@CA_:27@CA        1    0.125     6.18        0
      80        :27@CA_:22@CA        1    0.125     6.18        0
      81        :21@CA_:15@CA        1    0.125     6.21        0
      82        :15@CA_:21@CA        1    0.125     6.21        0
      83        :51@CA_:46@CA        1    0.125     6.68        0
      84        :46@CA_:51@CA        1    0.125     6.68        0
      85        :19@CA_:14@CA        1    0.125     6.82 8.43e-08
      86        :14@CA_:19@CA        1    0.125     6.82 8.43e-08
      87         :4@CA_:37@CA        0        0        0        0
      88         :5@CA_:36@CA        0        0        0        0
      89         :5@CA_:35@CA        0        0        0        0
      90         :4@CA_:40@CA        0        0        0        0
      91        :18@CA_:13@CA        0        0        0        0
      92         :4@CA_:36@CA        0        0        0        0
      93         :4@CA_:35@CA        0        0        0        0
      94          :4@CA_:9@CA        0        0        0        0
      95         :3@CA_:40@CA        0        0        0        0
      96         :3@CA_:39@CA        0        0        0        0
      97         :8@CA_:34@CA        0        0        0        0
      98          :9@CA_:4@CA        0        0        0        0
      99        :13@CA_:18@CA        0        0        0        0
     100        :41@CA_:36@CA        0        0        0        0
     101         :40@CA_:4@CA        0        0        0        0
     102         :40@CA_:3@CA        0        0        0        0
     103         :39@CA_:3@CA        0        0        0        0
     104         :34@CA_:8@CA        0        0        0        0
     105         :37@CA_:4@CA        0        0        0        0
     106        :36@CA_:41@CA        0        0        0        0
     107         :35@CA_:4@CA        0        0        0        0
     108         :35@CA_:5@CA        0        0        0        0
     109         :36@CA_:5@CA        0        0        0        0
     110         :36@CA_:4@CA        0        0        0        0
