# Contacts: Contacts_00002
# Native contacts determined from mask ':1-52@CA' and mask ':1-52@CA'
#                     Contact  Nframes    Frac.      Avg    Stdev
       1        :50@CA_:46@CA        7    0.875     5.68    0.868
       2        :46@CA_:50@CA        7    0.875     5.68    0.868
       3        :23@CA_:27@CA        6     0.75      5.2    0.761
       4        :27@CA_:23@CA        6     0.75      5.2    0.761
       5        :42@CA_:38@CA        6     0.75     5.99    0.754
       6        :38@CA_:42@CA        6     0.75     5.99    0.754
       7        :13@CA_:17@CA        6     0.75     6.02    0.745
       8        :17@CA_:13@CA        6     0.75     6.02    0.745
       9        :45@CA_:41@CA        6     0.75     6.19    0.505
      10        :41@CA_:45@CA        6     0.75     6.19    0.505
      11        :30@CA_:34@CA        6     0.75     6.22    0.141
      12        :34@CA_:30@CA        6     0.75     6.22    0.141
      13        :18@CA_:14@CA        6     0.75     6.39     0.42
      14        :14@CA_:18@CA        6     0.75     6.39     0.42
      15         :8@CA_:12@CA        5    0.625     5.53     0.85
      16         :12@CA_:8@CA        5    0.625     5.53     0.85
      17        :20@CA_:16@CA        5    0.625     5.88    0.501
      18        :16@CA_:20@CA        5    0.625     5.88    0.501
      19        :42@CA_:46@CA        5    0.625     5.97    0.119
      20        :46@CA_:42@CA        5    0.625     5.97    0.119
      21        :51@CA_:47@CA        5    0.625        6    0.692
      22        :47@CA_:51@CA        5    0.625        6    0.692
      23         :13@CA_:9@CA        5    0.625        6     0.15
      24         :9@CA_:13@CA        5    0.625        6     0.15
      25        :19@CA_:15@CA        5    0.625     6.04    0.299
      26        :15@CA_:19@CA        5    0.625     6.04    0.299
      27        :48@CA_:44@CA        5    0.625     6.05    0.382
      28        :44@CA_:48@CA        5    0.625     6.05    0.382
      29        :15@CA_:11@CA        5    0.625     6.08    0.342
      30        :11@CA_:15@CA        5    0.625     6.08    0.342
      31        :39@CA_:43@CA        5    0.625     6.39    0.354
      32        :43@CA_:39@CA        5    0.625     6.39    0.354
      33         :11@CA_:7@CA        4      0.5     5.62     1.23
      34         :7@CA_:11@CA        4      0.5     5.62     1.23
      35        :32@CA_:36@CA        4      0.5     5.64    0.855
      36        :36@CA_:32@CA        4      0.5     5.64    0.855
      37        :14@CA_:10@CA        4      0.5     5.98    0.641
      38        :10@CA_:14@CA        4      0.5     5.98    0.641
      39        :16@CA_:12@CA        4      0.5     6.11    0.258
      40        :12@CA_:16@CA        4      0.5     6.11    0.258
      41        :31@CA_:35@CA        4      0.5     6.21    0.252
      42        :35@CA_:31@CA        4      0.5     6.21    0.252
      43         :6@CA_:10@CA        4      0.5     6.31    0.296
      44         :10@CA_:6@CA        4      0.5     6.31    0.296
      45        :28@CA_:24@CA        4      0.5     6.37    0.456
      46        :24@CA_:28@CA        4      0.5     6.37    0.456
      47        :31@CA_:27@CA        4      0.5     6.38    0.425
      48        :27@CA_:31@CA        4      0.5     6.38    0.425
      49        :47@CA_:43@CA        4      0.5     6.58     0.15
      50        :43@CA_:47@CA        4      0.5     6.58     0.15
      51          :5@CA_:9@CA        3    0.375     4.95     1.14
      52          :9@CA_:5@CA        3    0.375     4.95     1.14
      53        :37@CA_:41@CA        3    0.375     5.17    0.636
      54        :41@CA_:37@CA        3    0.375     5.17    0.636
      55        :17@CA_:21@CA        3    0.375     5.63    0.569
      56        :21@CA_:17@CA        3    0.375     5.63    0.569
      57        :33@CA_:29@CA        3    0.375     5.96    0.688
      58        :29@CA_:33@CA        3    0.375     5.96    0.688
      59        :40@CA_:44@CA        3    0.375     6.03    0.734
      60        :44@CA_:40@CA        3    0.375     6.03    0.734
      61        :36@CA_:31@CA        3    0.375     6.25    0.267
      62        :31@CA_:36@CA        3    0.375     6.25    0.267
      63        :27@CA_:22@CA        3    0.375     6.65    0.173
      64        :22@CA_:27@CA        3    0.375     6.65    0.173
      65        :26@CA_:22@CA        2     0.25     4.83    0.959
      66        :22@CA_:26@CA        2     0.25     4.83    0.959
      67        :32@CA_:37@CA        2     0.25     5.68     1.18
      68        :37@CA_:32@CA        2     0.25     5.68     1.18
      69        :16@CA_:21@CA        2     0.25     5.69    0.451
      70        :21@CA_:16@CA        2     0.25     5.69    0.451
      71        :30@CA_:26@CA        2     0.25     6.14   0.0438
      72        :26@CA_:30@CA        2     0.25     6.14   0.0438
      73        :32@CA_:28@CA        2     0.25     6.32     0.24
      74        :28@CA_:32@CA        2     0.25     6.32     0.24
      75          :4@CA_:9@CA        2     0.25     6.41    0.413
      76          :9@CA_:4@CA        2     0.25     6.41    0.413
      77        :19@CA_:14@CA        1    0.125     3.88        0
      78        :14@CA_:19@CA        1    0.125     3.88        0
      79        :51@CA_:46@CA        1    0.125     6.15        0
      80        :46@CA_:51@CA        1    0.125     6.15        0
      81        :22@CA_:16@CA        1    0.125     6.16        0
      82        :16@CA_:22@CA        1    0.125     6.16        0
      83        :21@CA_:15@CA        1    0.125     6.51 8.43e-08
      84        :15@CA_:21@CA        1    0.125     6.51 8.43e-08
      85        :36@CA_:40@CA        1    0.125     6.84        0
      86        :40@CA_:36@CA        1    0.125     6.84        0
      87         :5@CA_:35@CA        1    0.125     6.92        0
      88         :35@CA_:5@CA        1    0.125     6.92        0
      89         :4@CA_:36@CA        0        0        0        0
      90        :18@CA_:13@CA        0        0        0        0
      91         :4@CA_:37@CA        0        0        0        0
      92        :41@CA_:36@CA        0        0        0        0
      93         :4@CA_:35@CA        0        0        0        0
      94        :13@CA_:18@CA        0        0        0        0
      95         :3@CA_:40@CA        0        0        0        0
      96         :3@CA_:39@CA        0        0        0        0
      97         :4@CA_:40@CA        0        0        0        0
      98         :40@CA_:4@CA        0        0        0        0
      99         :40@CA_:3@CA        0        0        0        0
     100        :25@CA_:29@CA        0        0        0        0
     101         :39@CA_:3@CA        0        0        0        0
     102         :5@CA_:36@CA        0        0        0        0
     103         :8@CA_:34@CA        0        0        0        0
     104         :37@CA_:4@CA        0        0        0        0
     105        :36@CA_:41@CA        0        0        0        0
     106        :29@CA_:25@CA        0        0        0        0
     107         :34@CA_:8@CA        0        0        0        0
     108         :36@CA_:5@CA        0        0        0        0
     109         :36@CA_:4@CA        0        0        0        0
     110         :35@CA_:4@CA        0        0        0        0
