# Contacts: Contacts_00002
# Native contacts determined from mask ':1-52@CA' and mask ':1-52@CA'
#                     Contact  Nframes    Frac.      Avg    Stdev
       1         :12@CA_:8@CA        8        1     5.88    0.336
       2         :8@CA_:12@CA        8        1     5.88    0.336
       3        :50@CA_:46@CA        7    0.875     5.41     1.14
       4        :46@CA_:50@CA        7    0.875     5.41     1.14
       5        :27@CA_:23@CA        7    0.875     5.68    0.582
       6        :23@CA_:27@CA        7    0.875     5.68    0.582
       7        :27@CA_:31@CA        7    0.875     6.13    0.507
       8        :31@CA_:27@CA        7    0.875     6.13    0.507
       9         :13@CA_:9@CA        7    0.875     6.14    0.593
      10         :9@CA_:13@CA        7    0.875     6.14    0.593
      11        :28@CA_:32@CA        7    0.875     6.29    0.562
      12        :32@CA_:28@CA        7    0.875     6.29    0.562
      13        :18@CA_:14@CA        7    0.875     6.53    0.274
      14        :14@CA_:18@CA        7    0.875     6.53    0.274
      15        :26@CA_:22@CA        6     0.75     5.15    0.396
      16        :22@CA_:26@CA        6     0.75     5.15    0.396
      17        :32@CA_:36@CA        6     0.75     5.48    0.522
      18        :36@CA_:32@CA        6     0.75     5.48    0.522
      19        :34@CA_:30@CA        6     0.75     5.75    0.639
      20        :30@CA_:34@CA        6     0.75     5.75    0.639
      21        :41@CA_:45@CA        6     0.75     5.89    0.549
      22        :45@CA_:41@CA        6     0.75     5.89    0.549
      23        :31@CA_:35@CA        6     0.75     5.95    0.794
      24        :35@CA_:31@CA        6     0.75     5.95    0.794
      25        :12@CA_:16@CA        6     0.75     6.31    0.275
      26        :16@CA_:12@CA        6     0.75     6.31    0.275
      27        :22@CA_:27@CA        6     0.75     6.38    0.437
      28        :27@CA_:22@CA        6     0.75     6.38    0.437
      29          :5@CA_:9@CA        5    0.625     4.57     0.44
      30          :9@CA_:5@CA        5    0.625     4.57     0.44
      31        :41@CA_:37@CA        5    0.625     4.94     1.15
      32        :37@CA_:41@CA        5    0.625     4.94     1.15
      33        :31@CA_:36@CA        5    0.625     5.75    0.569
      34        :36@CA_:31@CA        5    0.625     5.75    0.569
      35        :42@CA_:38@CA        5    0.625     5.75     1.07
      36        :38@CA_:42@CA        5    0.625     5.75     1.07
      37        :48@CA_:44@CA        5    0.625     6.02    0.547
      38        :44@CA_:48@CA        5    0.625     6.02    0.547
      39        :46@CA_:42@CA        5    0.625     6.06    0.757
      40        :42@CA_:46@CA        5    0.625     6.06    0.757
      41        :15@CA_:19@CA        5    0.625     6.12    0.328
      42        :19@CA_:15@CA        5    0.625     6.12    0.328
      43        :13@CA_:17@CA        5    0.625     6.28    0.408
      44        :17@CA_:13@CA        5    0.625     6.28    0.408
      45        :47@CA_:43@CA        4      0.5     5.91    0.793
      46        :43@CA_:47@CA        4      0.5     5.91    0.793
      47        :30@CA_:26@CA        4      0.5     5.96    0.221
      48        :26@CA_:30@CA        4      0.5     5.96    0.221
      49         :10@CA_:6@CA        4      0.5     6.06    0.629
      50         :6@CA_:10@CA        4      0.5     6.06    0.629
      51        :40@CA_:44@CA        4      0.5     6.17    0.289
      52        :44@CA_:40@CA        4      0.5     6.17    0.289
      53        :15@CA_:11@CA        4      0.5     6.22   0.0676
      54        :11@CA_:15@CA        4      0.5     6.22   0.0676
      55        :14@CA_:10@CA        4      0.5     6.69    0.193
      56        :10@CA_:14@CA        4      0.5     6.69    0.193
      57        :47@CA_:51@CA        3    0.375     5.71    0.363
      58        :51@CA_:47@CA        3    0.375     5.71    0.363
      59        :16@CA_:20@CA        3    0.375     5.81    0.185
      60        :20@CA_:16@CA        3    0.375     5.81    0.185
      61        :36@CA_:40@CA        3    0.375     5.92    0.249
      62        :40@CA_:36@CA        3    0.375     5.92    0.249
      63        :29@CA_:33@CA        3    0.375     6.13    0.327
      64        :33@CA_:29@CA        3    0.375     6.13    0.327
      65        :28@CA_:24@CA        3    0.375     6.25    0.862
      66        :24@CA_:28@CA        3    0.375     6.25    0.862
      67         :7@CA_:11@CA        3    0.375     6.37    0.542
      68         :11@CA_:7@CA        3    0.375     6.37    0.542
      69        :21@CA_:17@CA        3    0.375     6.41    0.335
      70        :17@CA_:21@CA        3    0.375     6.41    0.335
      71        :32@CA_:37@CA        2     0.25     5.71   0.0869
      72        :37@CA_:32@CA        2     0.25     5.71   0.0869
      73        :43@CA_:39@CA        2     0.25     5.89    0.184
      74        :39@CA_:43@CA        2     0.25     5.89    0.184
      75        :46@CA_:51@CA        2     0.25     6.47    0.228
      76        :51@CA_:46@CA        2     0.25     6.47    0.228
      77          :4@CA_:9@CA        2     0.25     6.53    0.316
      78          :9@CA_:4@CA        2     0.25     6.53    0.316
      79        :41@CA_:36@CA        2     0.25     6.84    0.123
      80        :36@CA_:41@CA        2     0.25     6.84    0.123
      81        :29@CA_:25@CA        1    0.125     6.19        0
      82        :25@CA_:29@CA        1    0.125     6.19        0
      83        :19@CA_:14@CA        0        0        0        0
      84         :3@CA_:39@CA        0        0        0        0
      85         :3@CA_:40@CA        0        0        0        0
      86        :22@CA_:16@CA        0        0        0        0
      87         :4@CA_:35@CA        0        0        0        0
      88         :4@CA_:36@CA        0        0        0        0
      89        :21@CA_:16@CA        0        0        0        0
      90         :4@CA_:37@CA        0        0        0        0
      91         :4@CA_:40@CA        0        0        0        0
      92         :5@CA_:35@CA        0        0        0        0
      93         :5@CA_:36@CA        0        0        0        0
      94        :21@CA_:15@CA        0        0        0        0
      95         :8@CA_:34@CA        0        0        0        0
      96         :34@CA_:8@CA        0        0        0        0
      97         :37@CA_:4@CA        0        0        0        0
      98         :35@CA_:4@CA        0        0        0        0
      99        :13@CA_:18@CA        0        0        0        0
     100        :14@CA_:19@CA        0        0        0        0
     101         :35@CA_:5@CA        0        0        0        0
     102        :15@CA_:21@CA        0        0        0        0
     103        :18@CA_:13@CA        0        0        0        0
     104         :40@CA_:4@CA        0        0        0        0
     105         :40@CA_:3@CA        0        0        0        0
     106         :36@CA_:4@CA        0        0        0        0
     107         :39@CA_:3@CA        0        0        0        0
     108         :36@CA_:5@CA        0        0        0        0
     109        :16@CA_:21@CA        0        0        0        0
     110        :16@CA_:22@CA        0        0        0        0
