# Contacts: Contacts_00002
# Native contacts determined from mask ':1-52@CA' and mask ':1-52@CA'
#                     Contact  Nframes    Frac.      Avg    Stdev
       1        :38@CA_:42@CA        8        1     4.94    0.949
       2        :42@CA_:38@CA        8        1     4.94    0.949
       3        :16@CA_:12@CA        8        1     6.27    0.281
       4        :12@CA_:16@CA        8        1     6.27    0.281
       5        :18@CA_:14@CA        8        1     6.33    0.364
       6        :14@CA_:18@CA        8        1     6.33    0.364
       7        :39@CA_:43@CA        8        1     6.39    0.427
       8        :43@CA_:39@CA        8        1     6.39    0.427
       9          :5@CA_:9@CA        7    0.875     4.83    0.997
      10          :9@CA_:5@CA        7    0.875     4.83    0.997
      11        :27@CA_:23@CA        7    0.875     5.05    0.376
      12        :23@CA_:27@CA        7    0.875     5.05    0.376
      13        :50@CA_:46@CA        7    0.875     5.73    0.381
      14        :46@CA_:50@CA        7    0.875     5.73    0.381
      15         :8@CA_:12@CA        7    0.875     5.86    0.524
      16         :12@CA_:8@CA        7    0.875     5.86    0.524
      17        :34@CA_:30@CA        7    0.875     6.09      0.2
      18        :30@CA_:34@CA        7    0.875     6.09      0.2
      19        :17@CA_:13@CA        7    0.875     6.31    0.302
      20        :13@CA_:17@CA        7    0.875     6.31    0.302
      21        :29@CA_:33@CA        7    0.875     6.46    0.268
      22        :33@CA_:29@CA        7    0.875     6.46    0.268
      23         :10@CA_:6@CA        6     0.75     5.85    0.551
      24         :6@CA_:10@CA        6     0.75     5.85    0.551
      25        :35@CA_:31@CA        6     0.75      6.2    0.617
      26        :31@CA_:35@CA        6     0.75      6.2    0.617
      27        :28@CA_:32@CA        6     0.75     6.21    0.384
      28        :32@CA_:28@CA        6     0.75     6.21    0.384
      29        :46@CA_:42@CA        6     0.75     6.21    0.266
      30        :42@CA_:46@CA        6     0.75     6.21    0.266
      31        :16@CA_:20@CA        6     0.75     6.23    0.477
      32        :20@CA_:16@CA        6     0.75     6.23    0.477
      33        :15@CA_:11@CA        6     0.75     6.28    0.359
      34        :11@CA_:15@CA        6     0.75     6.28    0.359
      35        :48@CA_:44@CA        6     0.75      6.3    0.379
      36        :44@CA_:48@CA        6     0.75      6.3    0.379
      37         :13@CA_:9@CA        6     0.75     6.31    0.233
      38         :9@CA_:13@CA        6     0.75     6.31    0.233
      39        :27@CA_:31@CA        6     0.75     6.34     0.31
      40        :31@CA_:27@CA        6     0.75     6.34     0.31
      41        :47@CA_:43@CA        6     0.75     6.34    0.373
      42        :43@CA_:47@CA        6     0.75     6.34    0.373
      43        :37@CA_:41@CA        5    0.625     5.32     1.44
      44        :41@CA_:37@CA        5    0.625     5.32     1.44
      45        :36@CA_:32@CA        5    0.625     5.49    0.734
      46        :32@CA_:36@CA        5    0.625     5.49    0.734
      47        :28@CA_:24@CA        5    0.625     5.93    0.917
      48        :24@CA_:28@CA        5    0.625     5.93    0.917
      49        :19@CA_:15@CA        5    0.625        6    0.238
      50        :15@CA_:19@CA        5    0.625        6    0.238
      51         :7@CA_:11@CA        5    0.625     6.22    0.633
      52         :11@CA_:7@CA        5    0.625     6.22    0.633
      53        :14@CA_:10@CA        5    0.625     6.56     0.17
      54        :10@CA_:14@CA        5    0.625     6.56     0.17
      55        :27@CA_:22@CA        5    0.625      6.6    0.532
      56        :22@CA_:27@CA        5    0.625      6.6    0.532
      57        :31@CA_:36@CA        4      0.5     6.33    0.258
      58        :36@CA_:31@CA        4      0.5     6.33    0.258
      59        :26@CA_:30@CA        3    0.375     5.54    0.875
      60        :30@CA_:26@CA        3    0.375     5.54    0.875
      61        :26@CA_:22@CA        3    0.375      5.9    0.788
      62        :22@CA_:26@CA        3    0.375      5.9    0.788
      63        :51@CA_:47@CA        3    0.375     6.51    0.295
      64        :47@CA_:51@CA        3    0.375     6.51    0.295
      65        :44@CA_:40@CA        3    0.375     6.63    0.178
      66        :40@CA_:44@CA        3    0.375     6.63    0.178
      67        :21@CA_:17@CA        2     0.25     5.27    0.274
      68        :17@CA_:21@CA        2     0.25     5.27    0.274
      69        :22@CA_:16@CA        2     0.25     5.85    0.708
      70        :16@CA_:22@CA        2     0.25     5.85    0.708
      71        :25@CA_:29@CA        2     0.25     5.85    0.867
      72        :29@CA_:25@CA        2     0.25     5.85    0.867
      73        :32@CA_:37@CA        2     0.25        6    0.513
      74        :37@CA_:32@CA        2     0.25        6    0.513
      75        :41@CA_:45@CA        2     0.25     6.01   0.0764
      76        :45@CA_:41@CA        2     0.25     6.01   0.0764
      77        :21@CA_:16@CA        2     0.25     6.35    0.178
      78        :16@CA_:21@CA        2     0.25     6.35    0.178
      79          :9@CA_:4@CA        2     0.25     6.86   0.0258
      80          :4@CA_:9@CA        2     0.25     6.86   0.0258
      81        :36@CA_:41@CA        1    0.125     5.89        0
      82        :41@CA_:36@CA        1    0.125     5.89        0
      83        :40@CA_:36@CA        1    0.125     6.47        0
      84        :36@CA_:40@CA        1    0.125     6.47        0
      85        :15@CA_:21@CA        1    0.125      6.7        0
      86        :21@CA_:15@CA        1    0.125      6.7        0
      87        :46@CA_:51@CA        0        0        0        0
      88         :4@CA_:36@CA        0        0        0        0
      89         :4@CA_:35@CA        0        0        0        0
      90         :4@CA_:40@CA        0        0        0        0
      91         :4@CA_:37@CA        0        0        0        0
      92         :5@CA_:35@CA        0        0        0        0
      93         :3@CA_:40@CA        0        0        0        0
      94        :51@CA_:46@CA        0        0        0        0
      95         :5@CA_:36@CA        0        0        0        0
      96         :3@CA_:39@CA        0        0        0        0
      97         :8@CA_:34@CA        0        0        0        0
      98        :13@CA_:18@CA        0        0        0        0
      99        :14@CA_:19@CA        0        0        0        0
     100         :40@CA_:4@CA        0        0        0        0
     101         :40@CA_:3@CA        0        0        0        0
     102         :39@CA_:3@CA        0        0        0        0
     103         :37@CA_:4@CA        0        0        0        0
     104        :18@CA_:13@CA        0        0        0        0
     105         :36@CA_:5@CA        0        0        0        0
     106         :36@CA_:4@CA        0        0        0        0
     107        :19@CA_:14@CA        0        0        0        0
     108         :35@CA_:5@CA        0        0        0        0
     109         :35@CA_:4@CA        0        0        0        0
     110         :34@CA_:8@CA        0        0        0        0
