# Contacts: Contacts_00002
# Native contacts determined from mask ':1-52@CA' and mask ':1-52@CA'
#                     Contact  Nframes    Frac.      Avg    Stdev
       1        :22@CA_:26@CA        8        1      5.8     0.39
       2        :26@CA_:22@CA        8        1      5.8     0.39
       3        :17@CA_:21@CA        8        1     5.97    0.857
       4        :21@CA_:17@CA        8        1     5.97    0.857
       5        :23@CA_:27@CA        7    0.875     5.59    0.632
       6        :27@CA_:23@CA        7    0.875     5.59    0.632
       7        :50@CA_:46@CA        7    0.875      5.6    0.783
       8        :46@CA_:50@CA        7    0.875      5.6    0.783
       9         :8@CA_:12@CA        6     0.75     5.48    0.987
      10         :12@CA_:8@CA        6     0.75     5.48    0.987
      11        :38@CA_:42@CA        6     0.75     5.85     0.99
      12        :42@CA_:38@CA        6     0.75     5.85     0.99
      13        :19@CA_:15@CA        6     0.75     5.99    0.118
      14        :15@CA_:19@CA        6     0.75     5.99    0.118
      15        :18@CA_:14@CA        6     0.75     6.11    0.358
      16        :14@CA_:18@CA        6     0.75     6.11    0.358
      17        :16@CA_:12@CA        6     0.75     6.12    0.488
      18        :12@CA_:16@CA        6     0.75     6.12    0.488
      19         :9@CA_:13@CA        6     0.75     6.25    0.504
      20         :13@CA_:9@CA        6     0.75     6.25    0.504
      21        :27@CA_:31@CA        6     0.75     6.27    0.149
      22        :31@CA_:27@CA        6     0.75     6.27    0.149
      23        :51@CA_:47@CA        5    0.625     6.16     0.66
      24        :47@CA_:51@CA        5    0.625     6.16     0.66
      25        :22@CA_:27@CA        5    0.625     6.18    0.259
      26        :27@CA_:22@CA        5    0.625     6.18    0.259
      27        :24@CA_:28@CA        5    0.625     6.19    0.302
      28        :28@CA_:24@CA        5    0.625     6.19    0.302
      29        :20@CA_:16@CA        5    0.625     6.27    0.278
      30        :16@CA_:20@CA        5    0.625     6.27    0.278
      31        :30@CA_:34@CA        5    0.625     6.35    0.338
      32        :34@CA_:30@CA        5    0.625     6.35    0.338
      33        :36@CA_:40@CA        5    0.625     6.36    0.524
      34        :40@CA_:36@CA        5    0.625     6.36    0.524
      35        :17@CA_:13@CA        4      0.5     6.23     0.34
      36        :13@CA_:17@CA        4      0.5     6.23     0.34
      37        :37@CA_:41@CA        4      0.5     6.47    0.255
      38        :41@CA_:37@CA        4      0.5     6.47    0.255
      39        :15@CA_:11@CA        3    0.375      5.4    0.545
      40        :11@CA_:15@CA        3    0.375      5.4    0.545
      41        :32@CA_:36@CA        3    0.375     5.75    0.598
      42        :36@CA_:32@CA        3    0.375     5.75    0.598
      43        :31@CA_:35@CA        3    0.375     5.85    0.499
      44        :35@CA_:31@CA        3    0.375     5.85    0.499
      45        :43@CA_:47@CA        3    0.375     5.99    0.718
      46        :47@CA_:43@CA        3    0.375     5.99    0.718
      47         :11@CA_:7@CA        3    0.375      6.1     0.25
      48         :7@CA_:11@CA        3    0.375      6.1     0.25
      49        :39@CA_:43@CA        3    0.375     6.17    0.269
      50        :43@CA_:39@CA        3    0.375     6.17    0.269
      51         :6@CA_:10@CA        3    0.375     6.31    0.327
      52         :10@CA_:6@CA        3    0.375     6.31    0.327
      53        :30@CA_:26@CA        3    0.375     6.32   0.0299
      54        :26@CA_:30@CA        3    0.375     6.32   0.0299
      55        :33@CA_:29@CA        2     0.25     5.02     1.12
      56        :29@CA_:33@CA        2     0.25     5.02     1.12
      57        :42@CA_:46@CA        2     0.25     5.16    0.802
      58        :46@CA_:42@CA        2     0.25     5.16    0.802
      59        :37@CA_:32@CA        2     0.25     5.22    0.294
      60        :32@CA_:37@CA        2     0.25     5.22    0.294
      61        :48@CA_:44@CA        2     0.25     5.26    0.652
      62        :44@CA_:48@CA        2     0.25     5.26    0.652
      63        :10@CA_:14@CA        2     0.25     5.56    0.202
      64        :14@CA_:10@CA        2     0.25     5.56    0.202
      65        :45@CA_:41@CA        2     0.25     5.88    0.129
      66        :41@CA_:45@CA        2     0.25     5.88    0.129
      67        :40@CA_:44@CA        2     0.25     5.99    0.342
      68        :44@CA_:40@CA        2     0.25     5.99    0.342
      69        :28@CA_:32@CA        2     0.25     6.13    0.132
      70        :32@CA_:28@CA        2     0.25     6.13    0.132
      71        :31@CA_:36@CA        2     0.25     6.18   0.0767
      72        :36@CA_:31@CA        2     0.25     6.18   0.0767
      73        :46@CA_:51@CA        1    0.125     6.12        0
      74        :51@CA_:46@CA        1    0.125     6.12        0
      75        :13@CA_:18@CA        1    0.125      6.3        0
      76        :18@CA_:13@CA        1    0.125      6.3        0
      77        :25@CA_:29@CA        1    0.125      6.4        0
      78        :29@CA_:25@CA        1    0.125      6.4        0
      79         :4@CA_:35@CA        0        0        0        0
      80         :4@CA_:36@CA        0        0        0        0
      81         :8@CA_:34@CA        0        0        0        0
      82        :21@CA_:16@CA        0        0        0        0
      83        :21@CA_:15@CA        0        0        0        0
      84          :9@CA_:4@CA        0        0        0        0
      85        :19@CA_:14@CA        0        0        0        0
      86          :9@CA_:5@CA        0        0        0        0
      87         :3@CA_:39@CA        0        0        0        0
      88        :16@CA_:22@CA        0        0        0        0
      89        :16@CA_:21@CA        0        0        0        0
      90          :4@CA_:9@CA        0        0        0        0
      91        :15@CA_:21@CA        0        0        0        0
      92         :3@CA_:40@CA        0        0        0        0
      93        :14@CA_:19@CA        0        0        0        0
      94         :36@CA_:4@CA        0        0        0        0
      95        :22@CA_:16@CA        0        0        0        0
      96        :41@CA_:36@CA        0        0        0        0
      97         :5@CA_:36@CA        0        0        0        0
      98         :5@CA_:35@CA        0        0        0        0
      99         :40@CA_:4@CA        0        0        0        0
     100         :40@CA_:3@CA        0        0        0        0
     101          :5@CA_:9@CA        0        0        0        0
     102         :39@CA_:3@CA        0        0        0        0
     103         :4@CA_:37@CA        0        0        0        0
     104         :4@CA_:40@CA        0        0        0        0
     105         :37@CA_:4@CA        0        0        0        0
     106        :36@CA_:41@CA        0        0        0        0
     107         :34@CA_:8@CA        0        0        0        0
     108         :35@CA_:4@CA        0        0        0        0
     109         :35@CA_:5@CA        0        0        0        0
     110         :36@CA_:5@CA        0        0        0        0
