# Contacts: Contacts_00002
# Native contacts determined from mask ':1-52@CA' and mask ':1-52@CA'
#                     Contact  Nframes    Frac.      Avg    Stdev
       1        :23@CA_:27@CA        8        1     5.44    0.546
       2        :27@CA_:23@CA        8        1     5.44    0.546
       3        :31@CA_:35@CA        8        1     5.87    0.793
       4        :35@CA_:31@CA        8        1     5.87    0.793
       5        :12@CA_:16@CA        8        1     6.06    0.665
       6        :16@CA_:12@CA        8        1     6.06    0.665
       7        :22@CA_:26@CA        7    0.875     5.07    0.651
       8        :26@CA_:22@CA        7    0.875     5.07    0.651
       9        :30@CA_:34@CA        7    0.875     5.81    0.742
      10        :34@CA_:30@CA        7    0.875     5.81    0.742
      11        :28@CA_:24@CA        7    0.875     5.91    0.631
      12        :24@CA_:28@CA        7    0.875     5.91    0.631
      13        :27@CA_:22@CA        7    0.875     6.32    0.221
      14        :22@CA_:27@CA        7    0.875     6.32    0.221
      15        :18@CA_:14@CA        6     0.75     6.08     0.49
      16        :14@CA_:18@CA        6     0.75     6.08     0.49
      17        :36@CA_:32@CA        6     0.75     6.33    0.657
      18        :32@CA_:36@CA        6     0.75     6.33    0.657
      19         :9@CA_:13@CA        6     0.75     6.48    0.358
      20         :13@CA_:9@CA        6     0.75     6.48    0.358
      21        :41@CA_:45@CA        5    0.625     5.97    0.617
      22        :45@CA_:41@CA        5    0.625     5.97    0.617
      23        :26@CA_:30@CA        5    0.625     6.23    0.429
      24        :30@CA_:26@CA        5    0.625     6.23    0.429
      25        :17@CA_:13@CA        5    0.625     6.24    0.637
      26        :13@CA_:17@CA        5    0.625     6.24    0.637
      27        :31@CA_:27@CA        5    0.625     6.35    0.481
      28        :27@CA_:31@CA        5    0.625     6.35    0.481
      29        :33@CA_:29@CA        5    0.625     6.41    0.337
      30        :29@CA_:33@CA        5    0.625     6.41    0.337
      31        :43@CA_:39@CA        5    0.625     6.41    0.368
      32        :39@CA_:43@CA        5    0.625     6.41    0.368
      33         :12@CA_:8@CA        5    0.625     6.53    0.172
      34         :8@CA_:12@CA        5    0.625     6.53    0.172
      35        :11@CA_:15@CA        4      0.5     5.26    0.605
      36        :15@CA_:11@CA        4      0.5     5.26    0.605
      37        :40@CA_:44@CA        4      0.5        6    0.468
      38        :44@CA_:40@CA        4      0.5        6    0.468
      39        :38@CA_:42@CA        4      0.5     6.06    0.313
      40        :42@CA_:38@CA        4      0.5     6.06    0.313
      41        :37@CA_:41@CA        4      0.5     6.49    0.177
      42        :41@CA_:37@CA        4      0.5     6.49    0.177
      43        :44@CA_:48@CA        3    0.375     4.75     1.11
      44        :48@CA_:44@CA        3    0.375     4.75     1.11
      45        :17@CA_:21@CA        3    0.375     5.12     1.46
      46        :21@CA_:17@CA        3    0.375     5.12     1.46
      47        :47@CA_:51@CA        3    0.375     5.51    0.803
      48        :51@CA_:47@CA        3    0.375     5.51    0.803
      49        :47@CA_:43@CA        3    0.375     5.82    0.534
      50        :43@CA_:47@CA        3    0.375     5.82    0.534
      51        :32@CA_:28@CA        3    0.375     5.88    0.644
      52        :28@CA_:32@CA        3    0.375     5.88    0.644
      53        :25@CA_:29@CA        3    0.375     6.08    0.572
      54        :29@CA_:25@CA        3    0.375     6.08    0.572
      55        :10@CA_:14@CA        3    0.375     6.23    0.503
      56        :14@CA_:10@CA        3    0.375     6.23    0.503
      57        :36@CA_:31@CA        3    0.375     6.25    0.163
      58        :31@CA_:36@CA        3    0.375     6.25    0.163
      59        :19@CA_:15@CA        3    0.375     6.35    0.141
      60        :15@CA_:19@CA        3    0.375     6.35    0.141
      61         :6@CA_:10@CA        3    0.375      6.4    0.478
      62         :10@CA_:6@CA        3    0.375      6.4    0.478
      63        :16@CA_:20@CA        3    0.375     6.46    0.176
      64        :20@CA_:16@CA        3    0.375     6.46    0.176
      65          :5@CA_:9@CA        2     0.25     4.17    0.485
      66          :9@CA_:5@CA        2     0.25     4.17    0.485
      67         :7@CA_:11@CA        2     0.25     5.26     1.05
      68         :11@CA_:7@CA        2     0.25     5.26     1.05
      69        :37@CA_:32@CA        2     0.25     5.44    0.319
      70        :32@CA_:37@CA        2     0.25     5.44    0.319
      71        :50@CA_:46@CA        2     0.25     5.47    0.345
      72        :46@CA_:50@CA        2     0.25     5.47    0.345
      73        :36@CA_:40@CA        2     0.25     5.73    0.297
      74        :40@CA_:36@CA        2     0.25     5.73    0.297
      75        :21@CA_:16@CA        2     0.25     5.77    0.128
      76        :16@CA_:21@CA        2     0.25     5.77    0.128
      77        :51@CA_:46@CA        2     0.25     5.91    0.606
      78        :46@CA_:51@CA        2     0.25     5.91    0.606
      79        :16@CA_:22@CA        1    0.125      4.9        0
      80        :22@CA_:16@CA        1    0.125      4.9        0
      81        :42@CA_:46@CA        1    0.125     6.05        0
      82        :46@CA_:42@CA        1    0.125     6.05        0
      83        :21@CA_:15@CA        1    0.125     6.28        0
      84        :15@CA_:21@CA        1    0.125     6.28        0
      85         :4@CA_:40@CA        1    0.125      6.4        0
      86         :40@CA_:4@CA        1    0.125      6.4        0
      87         :4@CA_:35@CA        0        0        0        0
      88        :18@CA_:13@CA        0        0        0        0
      89         :4@CA_:37@CA        0        0        0        0
      90         :4@CA_:36@CA        0        0        0        0
      91         :5@CA_:36@CA        0        0        0        0
      92        :19@CA_:14@CA        0        0        0        0
      93          :4@CA_:9@CA        0        0        0        0
      94         :3@CA_:40@CA        0        0        0        0
      95         :3@CA_:39@CA        0        0        0        0
      96         :5@CA_:35@CA        0        0        0        0
      97         :36@CA_:4@CA        0        0        0        0
      98        :41@CA_:36@CA        0        0        0        0
      99         :40@CA_:3@CA        0        0        0        0
     100        :14@CA_:19@CA        0        0        0        0
     101         :39@CA_:3@CA        0        0        0        0
     102         :8@CA_:34@CA        0        0        0        0
     103          :9@CA_:4@CA        0        0        0        0
     104        :13@CA_:18@CA        0        0        0        0
     105         :37@CA_:4@CA        0        0        0        0
     106        :36@CA_:41@CA        0        0        0        0
     107         :34@CA_:8@CA        0        0        0        0
     108         :35@CA_:4@CA        0        0        0        0
     109         :35@CA_:5@CA        0        0        0        0
     110         :36@CA_:5@CA        0        0        0        0
