# Contacts: Contacts_00002
# Native contacts determined from mask ':1-52@CA' and mask ':1-52@CA'
#                     Contact  Nframes    Frac.      Avg    Stdev
       1        :23@CA_:27@CA        8        1     5.41    0.719
       2        :27@CA_:23@CA        8        1     5.41    0.719
       3        :35@CA_:31@CA        8        1     5.89    0.707
       4        :31@CA_:35@CA        8        1     5.89    0.707
       5        :21@CA_:17@CA        8        1      6.2    0.222
       6        :17@CA_:21@CA        8        1      6.2    0.222
       7        :22@CA_:26@CA        7    0.875     5.51    0.378
       8        :26@CA_:22@CA        7    0.875     5.51    0.378
       9        :42@CA_:38@CA        7    0.875     5.94    0.634
      10        :38@CA_:42@CA        7    0.875     5.94    0.634
      11        :30@CA_:34@CA        7    0.875     5.94    0.752
      12        :34@CA_:30@CA        7    0.875     5.94    0.752
      13        :16@CA_:20@CA        7    0.875     5.98    0.232
      14        :20@CA_:16@CA        7    0.875     5.98    0.232
      15        :16@CA_:12@CA        7    0.875     6.08    0.517
      16        :12@CA_:16@CA        7    0.875     6.08    0.517
      17        :17@CA_:13@CA        7    0.875     6.12    0.239
      18        :13@CA_:17@CA        7    0.875     6.12    0.239
      19        :44@CA_:48@CA        6     0.75     5.44    0.862
      20        :48@CA_:44@CA        6     0.75     5.44    0.862
      21        :11@CA_:15@CA        6     0.75     5.96      0.5
      22        :15@CA_:11@CA        6     0.75     5.96      0.5
      23        :41@CA_:37@CA        6     0.75     5.97    0.472
      24        :37@CA_:41@CA        6     0.75     5.97    0.472
      25         :12@CA_:8@CA        6     0.75     5.98     0.98
      26         :8@CA_:12@CA        6     0.75     5.98     0.98
      27        :19@CA_:15@CA        6     0.75     6.01   0.0633
      28        :15@CA_:19@CA        6     0.75     6.01   0.0633
      29        :31@CA_:27@CA        6     0.75     6.05    0.326
      30        :27@CA_:31@CA        6     0.75     6.05    0.326
      31        :14@CA_:18@CA        6     0.75     6.17    0.218
      32        :18@CA_:14@CA        6     0.75     6.17    0.218
      33        :22@CA_:27@CA        6     0.75     6.29    0.331
      34        :27@CA_:22@CA        6     0.75     6.29    0.331
      35        :36@CA_:32@CA        5    0.625      5.2    0.156
      36        :32@CA_:36@CA        5    0.625      5.2    0.156
      37        :46@CA_:50@CA        5    0.625     5.28    0.924
      38        :50@CA_:46@CA        5    0.625     5.28    0.924
      39        :43@CA_:47@CA        5    0.625     5.99    0.315
      40        :47@CA_:43@CA        5    0.625     5.99    0.315
      41        :28@CA_:24@CA        5    0.625     6.08    0.734
      42        :24@CA_:28@CA        5    0.625     6.08    0.734
      43        :36@CA_:31@CA        5    0.625     6.15    0.228
      44        :31@CA_:36@CA        5    0.625     6.15    0.228
      45        :14@CA_:10@CA        5    0.625     6.16     0.48
      46        :10@CA_:14@CA        5    0.625     6.16     0.48
      47        :51@CA_:47@CA        5    0.625     6.62     0.39
      48        :47@CA_:51@CA        5    0.625     6.62     0.39
      49        :32@CA_:37@CA        4      0.5     5.79    0.981
      50        :37@CA_:32@CA        4      0.5     5.79    0.981
      51        :43@CA_:39@CA        4      0.5     6.08    0.306
      52        :39@CA_:43@CA        4      0.5     6.08    0.306
      53        :26@CA_:30@CA        4      0.5     6.09    0.598
      54        :30@CA_:26@CA        4      0.5     6.09    0.598
      55         :13@CA_:9@CA        4      0.5     6.25    0.256
      56         :9@CA_:13@CA        4      0.5     6.25    0.256
      57        :32@CA_:28@CA        4      0.5     6.73    0.147
      58        :28@CA_:32@CA        4      0.5     6.73    0.147
      59          :5@CA_:9@CA        3    0.375     4.84    0.829
      60          :9@CA_:5@CA        3    0.375     4.84    0.829
      61         :11@CA_:7@CA        3    0.375      5.3    0.965
      62         :7@CA_:11@CA        3    0.375      5.3    0.965
      63        :33@CA_:29@CA        3    0.375     6.22    0.409
      64        :29@CA_:33@CA        3    0.375     6.22    0.409
      65         :10@CA_:6@CA        3    0.375     6.32     0.47
      66         :6@CA_:10@CA        3    0.375     6.32     0.47
      67        :45@CA_:41@CA        3    0.375     6.65    0.397
      68        :41@CA_:45@CA        3    0.375     6.65    0.397
      69        :36@CA_:40@CA        2     0.25     6.31     0.33
      70        :40@CA_:36@CA        2     0.25     6.31     0.33
      71        :42@CA_:46@CA        2     0.25      6.4    0.133
      72        :46@CA_:42@CA        2     0.25      6.4    0.133
      73        :29@CA_:25@CA        2     0.25     6.63    0.338
      74        :25@CA_:29@CA        2     0.25     6.63    0.338
      75        :46@CA_:51@CA        1    0.125      6.5        0
      76        :51@CA_:46@CA        1    0.125      6.5        0
      77          :4@CA_:9@CA        1    0.125     6.51        0
      78          :9@CA_:4@CA        1    0.125     6.51        0
      79        :40@CA_:44@CA        1    0.125     6.69 8.43e-08
      80        :44@CA_:40@CA        1    0.125     6.69 8.43e-08
      81        :36@CA_:41@CA        1    0.125     6.71 8.43e-08
      82        :41@CA_:36@CA        1    0.125     6.71 8.43e-08
      83         :5@CA_:35@CA        0        0        0        0
      84         :4@CA_:40@CA        0        0        0        0
      85         :4@CA_:37@CA        0        0        0        0
      86         :4@CA_:36@CA        0        0        0        0
      87         :4@CA_:35@CA        0        0        0        0
      88         :3@CA_:40@CA        0        0        0        0
      89         :5@CA_:36@CA        0        0        0        0
      90        :22@CA_:16@CA        0        0        0        0
      91         :3@CA_:39@CA        0        0        0        0
      92         :34@CA_:8@CA        0        0        0        0
      93        :21@CA_:16@CA        0        0        0        0
      94        :21@CA_:15@CA        0        0        0        0
      95        :19@CA_:14@CA        0        0        0        0
      96        :18@CA_:13@CA        0        0        0        0
      97        :16@CA_:22@CA        0        0        0        0
      98        :16@CA_:21@CA        0        0        0        0
      99        :15@CA_:21@CA        0        0        0        0
     100        :14@CA_:19@CA        0        0        0        0
     101        :13@CA_:18@CA        0        0        0        0
     102         :40@CA_:4@CA        0        0        0        0
     103         :35@CA_:4@CA        0        0        0        0
     104         :35@CA_:5@CA        0        0        0        0
     105         :36@CA_:4@CA        0        0        0        0
     106         :36@CA_:5@CA        0        0        0        0
     107         :8@CA_:34@CA        0        0        0        0
     108         :37@CA_:4@CA        0        0        0        0
     109         :39@CA_:3@CA        0        0        0        0
     110         :40@CA_:3@CA        0        0        0        0
