# Contacts: Contacts_00002
# Native contacts determined from mask ':1-39@CA' and mask ':1-39@CA'
#                     Contact  Nframes    Frac.      Avg    Stdev
       1         :8@CA_:13@CA       11    0.367     5.61    0.702
       2         :13@CA_:8@CA       11    0.367     5.61    0.702
       3         :9@CA_:13@CA        9      0.3     5.23     1.13
       4         :13@CA_:9@CA        9      0.3     5.23     1.13
       5        :24@CA_:28@CA        9      0.3     5.54    0.396
       6        :28@CA_:24@CA        9      0.3     5.54    0.396
       7        :33@CA_:29@CA        8    0.267     5.79    0.888
       8        :29@CA_:33@CA        8    0.267     5.79    0.888
       9        :23@CA_:27@CA        7    0.233     5.41     1.32
      10        :27@CA_:23@CA        7    0.233     5.41     1.32
      11        :25@CA_:29@CA        6      0.2      5.1     1.35
      12        :29@CA_:25@CA        6      0.2      5.1     1.35
      13        :31@CA_:35@CA        6      0.2     5.62    0.866
      14        :35@CA_:31@CA        6      0.2     5.62    0.866
      15        :28@CA_:32@CA        6      0.2     5.98    0.681
      16        :32@CA_:28@CA        6      0.2     5.98    0.681
      17         :4@CA_:37@CA        5    0.167      4.8     1.81
      18         :37@CA_:4@CA        5    0.167      4.8     1.81
      19        :17@CA_:13@CA        5    0.167     5.33    0.567
      20        :13@CA_:17@CA        5    0.167     5.33    0.567
      21        :26@CA_:30@CA        5    0.167     5.56    0.555
      22        :30@CA_:26@CA        5    0.167     5.56    0.555
      23         :38@CA_:4@CA        5    0.167      5.6     1.21
      24         :4@CA_:38@CA        5    0.167      5.6     1.21
      25         :9@CA_:14@CA        5    0.167     5.77    0.804
      26         :14@CA_:9@CA        5    0.167     5.77    0.804
      27         :8@CA_:14@CA        5    0.167     6.02    0.504
      28         :14@CA_:8@CA        5    0.167     6.02    0.504
      29        :26@CA_:21@CA        5    0.167     6.72    0.205
      30        :21@CA_:26@CA        5    0.167     6.72    0.205
      31         :21@CA_:2@CA        4    0.133     4.71     1.93
      32         :2@CA_:21@CA        4    0.133     4.71     1.93
      33         :26@CA_:1@CA        4    0.133     5.18    0.801
      34         :1@CA_:26@CA        4    0.133     5.18    0.801
      35         :38@CA_:3@CA        4    0.133     5.29     1.04
      36         :3@CA_:38@CA        4    0.133     5.29     1.04
      37        :30@CA_:34@CA        4    0.133      5.7     1.07
      38        :34@CA_:30@CA        4    0.133      5.7     1.07
      39        :31@CA_:36@CA        4    0.133     5.89    0.518
      40        :36@CA_:31@CA        4    0.133     5.89    0.518
      41         :39@CA_:4@CA        4    0.133     6.02      0.7
      42         :4@CA_:39@CA        4    0.133     6.02      0.7
      43         :1@CA_:21@CA        4    0.133     6.02    0.567
      44         :21@CA_:1@CA        4    0.133     6.02    0.567
      45         :8@CA_:15@CA        3      0.1     4.81    0.948
      46         :15@CA_:8@CA        3      0.1     4.81    0.948
      47         :2@CA_:38@CA        3      0.1     4.87    0.141
      48         :38@CA_:2@CA        3      0.1     4.87    0.141
      49        :26@CA_:22@CA        3      0.1     5.67    0.824
      50        :22@CA_:26@CA        3      0.1     5.67    0.824
      51        :27@CA_:32@CA        3      0.1     6.24    0.412
      52        :32@CA_:27@CA        3      0.1     6.24    0.412
      53        :30@CA_:36@CA        3      0.1     6.27    0.451
      54        :36@CA_:30@CA        3      0.1     6.27    0.451
      55        :25@CA_:30@CA        3      0.1     6.34     0.61
      56        :30@CA_:25@CA        3      0.1     6.34     0.61
      57        :31@CA_:27@CA        3      0.1     6.49    0.276
      58        :27@CA_:31@CA        3      0.1     6.49    0.276
      59         :18@CA_:3@CA        2   0.0667     4.06     2.47
      60         :3@CA_:18@CA        2   0.0667     4.06     2.47
      61         :3@CA_:36@CA        2   0.0667     4.73    0.147
      62         :36@CA_:3@CA        2   0.0667     4.73    0.147
      63         :2@CA_:20@CA        2   0.0667     4.74     1.55
      64         :20@CA_:2@CA        2   0.0667     4.74     1.55
      65         :1@CA_:20@CA        2   0.0667     4.77     2.17
      66         :20@CA_:1@CA        2   0.0667     4.77     2.17
      67         :37@CA_:3@CA        2   0.0667     4.78    0.795
      68         :3@CA_:37@CA        2   0.0667     4.78    0.795
      69         :1@CA_:23@CA        2   0.0667     4.86     1.47
      70         :23@CA_:1@CA        2   0.0667     4.86     1.47
      71         :37@CA_:5@CA        2   0.0667     5.03     1.36
      72         :5@CA_:37@CA        2   0.0667     5.03     1.36
      73        :31@CA_:26@CA        2   0.0667     5.23    0.985
      74        :26@CA_:31@CA        2   0.0667     5.23    0.985
      75        :37@CA_:31@CA        2   0.0667     5.26     1.64
      76        :31@CA_:37@CA        2   0.0667     5.26     1.64
      77         :14@CA_:7@CA        2   0.0667     5.32   0.0878
      78         :7@CA_:14@CA        2   0.0667     5.32   0.0878
      79         :36@CA_:4@CA        2   0.0667     5.35     0.62
      80         :4@CA_:36@CA        2   0.0667     5.35     0.62
      81         :39@CA_:3@CA        2   0.0667      5.4        1
      82         :3@CA_:39@CA        2   0.0667      5.4        1
      83        :30@CA_:35@CA        2   0.0667     5.49    0.245
      84        :35@CA_:30@CA        2   0.0667     5.49    0.245
      85         :18@CA_:2@CA        2   0.0667     5.88    0.981
      86         :2@CA_:18@CA        2   0.0667     5.88    0.981
      87         :5@CA_:13@CA        1   0.0333     3.87 4.21e-08
      88         :13@CA_:5@CA        1   0.0333     3.87 4.21e-08
      89         :6@CA_:16@CA        1   0.0333     4.27        0
      90         :16@CA_:6@CA        1   0.0333     4.27        0
      91         :15@CA_:6@CA        1   0.0333     4.32        0
      92         :6@CA_:15@CA        1   0.0333     4.32        0
      93         :5@CA_:15@CA        1   0.0333     4.97        0
      94         :15@CA_:5@CA        1   0.0333     4.97        0
      95         :19@CA_:4@CA        1   0.0333     4.98        0
      96         :4@CA_:19@CA        1   0.0333     4.98        0
      97         :36@CA_:7@CA        1   0.0333     5.41 5.96e-08
      98         :7@CA_:36@CA        1   0.0333     5.41 5.96e-08
      99         :1@CA_:22@CA        1   0.0333     6.08        0
     100         :22@CA_:1@CA        1   0.0333     6.08        0
     101         :17@CA_:5@CA        1   0.0333     6.14        0
     102         :5@CA_:17@CA        1   0.0333     6.14        0
     103         :7@CA_:15@CA        1   0.0333     6.55        0
     104         :15@CA_:7@CA        1   0.0333     6.55        0
     105         :2@CA_:19@CA        1   0.0333     6.56        0
     106         :19@CA_:2@CA        1   0.0333     6.56        0
     107         :5@CA_:36@CA        1   0.0333     6.72        0
     108         :36@CA_:5@CA        1   0.0333     6.72        0
     109         :14@CA_:5@CA        1   0.0333     6.78 8.43e-08
     110         :5@CA_:14@CA        1   0.0333     6.78 8.43e-08
     111         :6@CA_:36@CA        1   0.0333     6.98        0
     112         :36@CA_:6@CA        1   0.0333     6.98        0
     113        :39@CA_:18@CA        0        0        0        0
     114         :39@CA_:2@CA        0        0        0        0
     115         :35@CA_:7@CA        0        0        0        0
     116         :7@CA_:35@CA        0        0        0        0
     117         :2@CA_:39@CA        0        0        0        0
     118         :3@CA_:19@CA        0        0        0        0
     119         :3@CA_:20@CA        0        0        0        0
     120         :4@CA_:16@CA        0        0        0        0
     121         :4@CA_:17@CA        0        0        0        0
     122         :4@CA_:18@CA        0        0        0        0
     123         :5@CA_:16@CA        0        0        0        0
     124         :5@CA_:18@CA        0        0        0        0
     125         :5@CA_:35@CA        0        0        0        0
     126         :6@CA_:35@CA        0        0        0        0
     127         :35@CA_:6@CA        0        0        0        0
     128         :16@CA_:4@CA        0        0        0        0
     129         :16@CA_:5@CA        0        0        0        0
     130         :17@CA_:4@CA        0        0        0        0
     131         :18@CA_:4@CA        0        0        0        0
     132         :18@CA_:5@CA        0        0        0        0
     133        :18@CA_:39@CA        0        0        0        0
     134         :19@CA_:3@CA        0        0        0        0
     135         :20@CA_:3@CA        0        0        0        0
     136         :35@CA_:5@CA        0        0        0        0
