# Contacts: Contacts_00002
# Native contacts determined from mask ':1-39@CA' and mask ':1-39@CA'
#                     Contact  Nframes    Frac.      Avg    Stdev
       1         :37@CA_:5@CA        8    0.267     4.86     1.21
       2         :5@CA_:37@CA        8    0.267     4.86     1.21
       3        :13@CA_:17@CA        8    0.267     5.86     1.03
       4        :17@CA_:13@CA        8    0.267     5.86     1.03
       5         :36@CA_:5@CA        7    0.233     4.37    0.985
       6         :5@CA_:36@CA        7    0.233     4.37    0.985
       7        :25@CA_:29@CA        6      0.2     5.58    0.852
       8        :29@CA_:25@CA        6      0.2     5.58    0.852
       9         :1@CA_:23@CA        5    0.167     4.74     1.56
      10         :23@CA_:1@CA        5    0.167     4.74     1.56
      11         :39@CA_:2@CA        5    0.167     4.81     1.46
      12         :2@CA_:39@CA        5    0.167     4.81     1.46
      13         :36@CA_:3@CA        5    0.167     5.33     2.13
      14         :3@CA_:36@CA        5    0.167     5.33     2.13
      15        :37@CA_:31@CA        5    0.167     5.41     1.22
      16        :31@CA_:37@CA        5    0.167     5.41     1.22
      17         :3@CA_:39@CA        5    0.167     5.61     1.18
      18         :39@CA_:3@CA        5    0.167     5.61     1.18
      19        :30@CA_:34@CA        5    0.167     5.76     1.33
      20        :34@CA_:30@CA        5    0.167     5.76     1.33
      21        :27@CA_:23@CA        5    0.167     6.21     1.02
      22        :23@CA_:27@CA        5    0.167     6.21     1.02
      23         :26@CA_:1@CA        4    0.133     4.97     1.52
      24         :1@CA_:26@CA        4    0.133     4.97     1.52
      25         :13@CA_:9@CA        4    0.133     5.24     1.23
      26         :9@CA_:13@CA        4    0.133     5.24     1.23
      27        :31@CA_:26@CA        4    0.133     5.44      1.5
      28        :26@CA_:31@CA        4    0.133     5.44      1.5
      29         :18@CA_:4@CA        4    0.133     5.53      1.7
      30         :4@CA_:18@CA        4    0.133     5.53      1.7
      31         :2@CA_:18@CA        4    0.133     5.56    0.882
      32         :18@CA_:2@CA        4    0.133     5.56    0.882
      33         :36@CA_:6@CA        4    0.133     5.58     1.05
      34         :6@CA_:36@CA        4    0.133     5.58     1.05
      35         :3@CA_:38@CA        4    0.133     5.64    0.583
      36         :38@CA_:3@CA        4    0.133     5.64    0.583
      37         :36@CA_:7@CA        4    0.133     5.68    0.887
      38         :7@CA_:36@CA        4    0.133     5.68    0.887
      39         :6@CA_:35@CA        4    0.133     5.69    0.968
      40         :35@CA_:6@CA        4    0.133     5.69    0.968
      41        :31@CA_:35@CA        4    0.133     5.89    0.689
      42        :35@CA_:31@CA        4    0.133     5.89    0.689
      43         :4@CA_:17@CA        4    0.133     5.92    0.951
      44         :17@CA_:4@CA        4    0.133     5.92    0.951
      45        :26@CA_:22@CA        4    0.133     5.97    0.311
      46        :22@CA_:26@CA        4    0.133     5.97    0.311
      47         :2@CA_:20@CA        3      0.1     4.53     1.88
      48         :20@CA_:2@CA        3      0.1     4.53     1.88
      49         :5@CA_:18@CA        3      0.1     5.21    0.396
      50         :18@CA_:5@CA        3      0.1     5.21    0.396
      51         :16@CA_:4@CA        3      0.1     5.45    0.741
      52         :4@CA_:16@CA        3      0.1     5.45    0.741
      53        :30@CA_:26@CA        3      0.1     5.53     1.33
      54        :26@CA_:30@CA        3      0.1     5.53     1.33
      55         :20@CA_:1@CA        3      0.1     5.54    0.714
      56         :1@CA_:20@CA        3      0.1     5.54    0.714
      57         :14@CA_:8@CA        3      0.1     5.56     1.95
      58         :8@CA_:14@CA        3      0.1     5.56     1.95
      59         :9@CA_:14@CA        3      0.1      5.6    0.596
      60         :14@CA_:9@CA        3      0.1      5.6    0.596
      61         :13@CA_:8@CA        3      0.1     5.73    0.938
      62         :8@CA_:13@CA        3      0.1     5.73    0.938
      63        :36@CA_:31@CA        3      0.1     5.76    0.578
      64        :31@CA_:36@CA        3      0.1     5.76    0.578
      65         :14@CA_:7@CA        3      0.1     5.82    0.911
      66         :7@CA_:14@CA        3      0.1     5.82    0.911
      67         :36@CA_:4@CA        3      0.1     5.82    0.706
      68         :4@CA_:36@CA        3      0.1     5.82    0.706
      69        :28@CA_:24@CA        3      0.1     6.04    0.821
      70        :24@CA_:28@CA        3      0.1     6.04    0.821
      71        :21@CA_:26@CA        3      0.1     6.15      0.6
      72        :26@CA_:21@CA        3      0.1     6.15      0.6
      73         :21@CA_:1@CA        2   0.0667     3.47    0.883
      74         :1@CA_:21@CA        2   0.0667     3.47    0.883
      75         :38@CA_:2@CA        2   0.0667     3.78     2.24
      76         :2@CA_:38@CA        2   0.0667     3.78     2.24
      77         :1@CA_:22@CA        2   0.0667      4.1    0.622
      78         :22@CA_:1@CA        2   0.0667      4.1    0.622
      79         :3@CA_:37@CA        2   0.0667     4.42    0.497
      80         :37@CA_:3@CA        2   0.0667     4.42    0.497
      81         :18@CA_:3@CA        2   0.0667     4.72     1.16
      82         :3@CA_:18@CA        2   0.0667     4.72     1.16
      83         :21@CA_:2@CA        2   0.0667        5     1.11
      84         :2@CA_:21@CA        2   0.0667        5     1.11
      85        :35@CA_:30@CA        2   0.0667     5.19     1.51
      86        :30@CA_:35@CA        2   0.0667     5.19     1.51
      87         :35@CA_:7@CA        2   0.0667     5.21     1.09
      88         :7@CA_:35@CA        2   0.0667     5.21     1.09
      89         :13@CA_:5@CA        2   0.0667     5.43    0.999
      90         :5@CA_:13@CA        2   0.0667     5.43    0.999
      91        :39@CA_:18@CA        2   0.0667     5.83    0.509
      92        :18@CA_:39@CA        2   0.0667     5.83    0.509
      93         :4@CA_:39@CA        2   0.0667     6.15    0.771
      94         :39@CA_:4@CA        2   0.0667     6.15    0.771
      95         :14@CA_:5@CA        2   0.0667     6.28    0.113
      96         :5@CA_:14@CA        2   0.0667     6.28    0.113
      97        :25@CA_:30@CA        2   0.0667     6.52  0.00833
      98        :30@CA_:25@CA        2   0.0667     6.52  0.00833
      99         :17@CA_:5@CA        2   0.0667      6.6    0.331
     100         :5@CA_:17@CA        2   0.0667      6.6    0.331
     101        :30@CA_:36@CA        1   0.0333     3.42        0
     102        :36@CA_:30@CA        1   0.0333     3.42        0
     103         :4@CA_:19@CA        1   0.0333     4.59 5.96e-08
     104         :19@CA_:4@CA        1   0.0333     4.59 5.96e-08
     105        :31@CA_:27@CA        1   0.0333     5.01        0
     106        :27@CA_:31@CA        1   0.0333     5.01        0
     107        :33@CA_:29@CA        1   0.0333     5.71        0
     108        :29@CA_:33@CA        1   0.0333     5.71        0
     109         :15@CA_:7@CA        1   0.0333     6.04        0
     110         :7@CA_:15@CA        1   0.0333     6.04        0
     111         :37@CA_:4@CA        1   0.0333     6.43        0
     112         :4@CA_:37@CA        1   0.0333     6.43        0
     113         :19@CA_:2@CA        1   0.0333     6.57 8.43e-08
     114         :2@CA_:19@CA        1   0.0333     6.57 8.43e-08
     115         :5@CA_:35@CA        1   0.0333     6.76        0
     116         :35@CA_:5@CA        1   0.0333     6.76        0
     117         :6@CA_:15@CA        1   0.0333     6.81        0
     118         :15@CA_:6@CA        1   0.0333     6.81        0
     119         :15@CA_:5@CA        1   0.0333     6.98        0
     120         :5@CA_:15@CA        1   0.0333     6.98        0
     121         :8@CA_:15@CA        1   0.0333        7        0
     122         :15@CA_:8@CA        1   0.0333        7        0
     123        :32@CA_:27@CA        0        0        0        0
     124         :19@CA_:3@CA        0        0        0        0
     125         :20@CA_:3@CA        0        0        0        0
     126         :5@CA_:16@CA        0        0        0        0
     127         :38@CA_:4@CA        0        0        0        0
     128         :16@CA_:6@CA        0        0        0        0
     129         :16@CA_:5@CA        0        0        0        0
     130         :4@CA_:38@CA        0        0        0        0
     131        :32@CA_:28@CA        0        0        0        0
     132         :6@CA_:16@CA        0        0        0        0
     133         :3@CA_:19@CA        0        0        0        0
     134         :3@CA_:20@CA        0        0        0        0
     135        :28@CA_:32@CA        0        0        0        0
     136        :27@CA_:32@CA        0        0        0        0
