# Contacts: Contacts_00002
# Native contacts determined from mask ':1-39@CA' and mask ':1-39@CA'
#                     Contact  Nframes    Frac.      Avg    Stdev
       1         :6@CA_:36@CA        8    0.267     6.04    0.729
       2         :36@CA_:6@CA        8    0.267     6.04    0.729
       3        :26@CA_:30@CA        7    0.233     5.61    0.938
       4        :30@CA_:26@CA        7    0.233     5.61    0.938
       5         :13@CA_:8@CA        7    0.233     5.68    0.813
       6         :8@CA_:13@CA        7    0.233     5.68    0.813
       7        :31@CA_:36@CA        6      0.2      5.5     1.08
       8        :36@CA_:31@CA        6      0.2      5.5     1.08
       9         :13@CA_:9@CA        6      0.2     5.76     1.01
      10         :9@CA_:13@CA        6      0.2     5.76     1.01
      11         :5@CA_:37@CA        5    0.167     4.54     1.13
      12         :37@CA_:5@CA        5    0.167     4.54     1.13
      13         :7@CA_:36@CA        5    0.167      4.8     1.06
      14         :36@CA_:7@CA        5    0.167      4.8     1.06
      15        :22@CA_:26@CA        5    0.167     5.27     1.34
      16        :26@CA_:22@CA        5    0.167     5.27     1.34
      17        :24@CA_:28@CA        5    0.167     5.52    0.697
      18        :28@CA_:24@CA        5    0.167     5.52    0.697
      19        :31@CA_:35@CA        5    0.167     5.64     1.29
      20        :35@CA_:31@CA        5    0.167     5.64     1.29
      21         :35@CA_:7@CA        5    0.167     5.83    0.513
      22         :7@CA_:35@CA        5    0.167     5.83    0.513
      23         :9@CA_:14@CA        5    0.167     6.08    0.583
      24         :14@CA_:9@CA        5    0.167     6.08    0.583
      25         :4@CA_:36@CA        4    0.133     3.99     1.08
      26         :36@CA_:4@CA        4    0.133     3.99     1.08
      27         :5@CA_:15@CA        4    0.133     5.42     1.18
      28         :15@CA_:5@CA        4    0.133     5.42     1.18
      29        :23@CA_:27@CA        4    0.133      5.6    0.717
      30        :27@CA_:23@CA        4    0.133      5.6    0.717
      31        :33@CA_:29@CA        4    0.133     5.84    0.465
      32        :29@CA_:33@CA        4    0.133     5.84    0.465
      33         :4@CA_:38@CA        4    0.133     6.21    0.683
      34         :38@CA_:4@CA        4    0.133     6.21    0.683
      35         :4@CA_:37@CA        4    0.133     6.51    0.563
      36         :37@CA_:4@CA        4    0.133     6.51    0.563
      37         :20@CA_:2@CA        3      0.1     4.23      1.1
      38         :2@CA_:20@CA        3      0.1     4.23      1.1
      39         :5@CA_:14@CA        3      0.1     4.26     1.12
      40         :14@CA_:5@CA        3      0.1     4.26     1.12
      41         :6@CA_:35@CA        3      0.1      4.9    0.706
      42         :35@CA_:6@CA        3      0.1      4.9    0.706
      43         :15@CA_:7@CA        3      0.1     5.26     1.18
      44         :7@CA_:15@CA        3      0.1     5.26     1.18
      45         :35@CA_:5@CA        3      0.1     5.33     2.02
      46         :5@CA_:35@CA        3      0.1     5.33     2.02
      47         :36@CA_:5@CA        3      0.1     5.54     1.56
      48         :5@CA_:36@CA        3      0.1     5.54     1.56
      49        :25@CA_:29@CA        3      0.1     5.57        1
      50        :29@CA_:25@CA        3      0.1     5.57        1
      51        :27@CA_:31@CA        3      0.1     5.89    0.974
      52        :31@CA_:27@CA        3      0.1     5.89    0.974
      53         :39@CA_:2@CA        3      0.1     5.93    0.717
      54         :2@CA_:39@CA        3      0.1     5.93    0.717
      55        :28@CA_:32@CA        3      0.1     6.07    0.474
      56        :32@CA_:28@CA        3      0.1     6.07    0.474
      57        :30@CA_:25@CA        3      0.1     6.14    0.568
      58        :25@CA_:30@CA        3      0.1     6.14    0.568
      59         :18@CA_:4@CA        3      0.1     6.63    0.237
      60         :4@CA_:18@CA        3      0.1     6.63    0.237
      61         :1@CA_:20@CA        2   0.0667     3.96     1.01
      62         :20@CA_:1@CA        2   0.0667     3.96     1.01
      63        :30@CA_:35@CA        2   0.0667     4.01      1.9
      64        :35@CA_:30@CA        2   0.0667     4.01      1.9
      65         :18@CA_:2@CA        2   0.0667     4.52    0.453
      66         :2@CA_:18@CA        2   0.0667     4.52    0.453
      67         :4@CA_:39@CA        2   0.0667     4.68    0.778
      68         :39@CA_:4@CA        2   0.0667     4.68    0.778
      69         :3@CA_:37@CA        2   0.0667     4.99     1.86
      70         :37@CA_:3@CA        2   0.0667     4.99     1.86
      71         :3@CA_:19@CA        2   0.0667      5.2     1.47
      72         :19@CA_:3@CA        2   0.0667      5.2     1.47
      73         :39@CA_:3@CA        2   0.0667     5.22    0.579
      74         :3@CA_:39@CA        2   0.0667     5.22    0.579
      75         :36@CA_:3@CA        2   0.0667     5.23     1.14
      76         :3@CA_:36@CA        2   0.0667     5.23     1.14
      77         :2@CA_:38@CA        2   0.0667      5.4     1.12
      78         :38@CA_:2@CA        2   0.0667      5.4     1.12
      79        :31@CA_:26@CA        2   0.0667     5.53    0.876
      80        :26@CA_:31@CA        2   0.0667     5.53    0.876
      81         :22@CA_:1@CA        2   0.0667      5.6     1.35
      82         :1@CA_:22@CA        2   0.0667      5.6     1.35
      83        :37@CA_:31@CA        2   0.0667     5.68     0.16
      84        :31@CA_:37@CA        2   0.0667     5.68     0.16
      85         :19@CA_:4@CA        2   0.0667     5.76     1.18
      86         :4@CA_:19@CA        2   0.0667     5.76     1.18
      87         :2@CA_:19@CA        2   0.0667     5.84    0.415
      88         :19@CA_:2@CA        2   0.0667     5.84    0.415
      89        :21@CA_:26@CA        2   0.0667     5.84    0.271
      90        :26@CA_:21@CA        2   0.0667     5.84    0.271
      91         :1@CA_:21@CA        2   0.0667     5.92     1.08
      92         :21@CA_:1@CA        2   0.0667     5.92     1.08
      93        :17@CA_:13@CA        2   0.0667     5.95     0.56
      94        :13@CA_:17@CA        2   0.0667     5.95     0.56
      95         :4@CA_:16@CA        2   0.0667     6.05    0.687
      96         :16@CA_:4@CA        2   0.0667     6.05    0.687
      97         :7@CA_:14@CA        2   0.0667     6.19    0.233
      98         :14@CA_:7@CA        2   0.0667     6.19    0.233
      99         :3@CA_:20@CA        2   0.0667     6.26    0.538
     100         :20@CA_:3@CA        2   0.0667     6.26    0.538
     101         :5@CA_:13@CA        2   0.0667     6.27    0.422
     102         :13@CA_:5@CA        2   0.0667     6.27    0.422
     103         :3@CA_:18@CA        2   0.0667     6.28    0.534
     104         :18@CA_:3@CA        2   0.0667     6.28    0.534
     105        :39@CA_:18@CA        2   0.0667      6.3    0.393
     106        :18@CA_:39@CA        2   0.0667      6.3    0.393
     107         :16@CA_:6@CA        2   0.0667     6.51    0.327
     108         :6@CA_:16@CA        2   0.0667     6.51    0.327
     109         :21@CA_:2@CA        1   0.0333     3.45        0
     110         :2@CA_:21@CA        1   0.0333     3.45        0
     111         :1@CA_:23@CA        1   0.0333     3.82        0
     112         :23@CA_:1@CA        1   0.0333     3.82        0
     113        :36@CA_:30@CA        1   0.0333     3.92 4.21e-08
     114        :30@CA_:36@CA        1   0.0333     3.92 4.21e-08
     115        :34@CA_:30@CA        1   0.0333     4.18 5.96e-08
     116        :30@CA_:34@CA        1   0.0333     4.18 5.96e-08
     117         :3@CA_:38@CA        1   0.0333     4.28        0
     118         :38@CA_:3@CA        1   0.0333     4.28        0
     119         :14@CA_:8@CA        1   0.0333     4.35        0
     120         :8@CA_:14@CA        1   0.0333     4.35        0
     121         :8@CA_:15@CA        1   0.0333     4.76 5.96e-08
     122         :15@CA_:8@CA        1   0.0333     4.76 5.96e-08
     123         :1@CA_:26@CA        1   0.0333     5.43 5.96e-08
     124         :26@CA_:1@CA        1   0.0333     5.43 5.96e-08
     125         :17@CA_:4@CA        1   0.0333     5.87        0
     126         :4@CA_:17@CA        1   0.0333     5.87        0
     127         :16@CA_:5@CA        1   0.0333     6.02        0
     128         :5@CA_:16@CA        1   0.0333     6.02        0
     129         :5@CA_:17@CA        1   0.0333     6.14        0
     130         :17@CA_:5@CA        1   0.0333     6.14        0
     131         :6@CA_:15@CA        1   0.0333     6.17 8.43e-08
     132         :15@CA_:6@CA        1   0.0333     6.17 8.43e-08
     133         :5@CA_:18@CA        1   0.0333     6.22 8.43e-08
     134         :18@CA_:5@CA        1   0.0333     6.22 8.43e-08
     135        :27@CA_:32@CA        0        0        0        0
     136        :32@CA_:27@CA        0        0        0        0
