# Contacts: Contacts_00002
# Native contacts determined from mask ':1-39@CA' and mask ':1-39@CA'
#                     Contact  Nframes    Frac.      Avg    Stdev
       1        :28@CA_:24@CA       10    0.333     5.54    0.646
       2        :24@CA_:28@CA       10    0.333     5.54    0.646
       3        :26@CA_:22@CA       10    0.333     5.71    0.944
       4        :22@CA_:26@CA       10    0.333     5.71    0.944
       5        :31@CA_:35@CA        9      0.3     5.29    0.908
       6        :35@CA_:31@CA        9      0.3     5.29    0.908
       7        :17@CA_:13@CA        9      0.3     5.79     0.79
       8        :13@CA_:17@CA        9      0.3     5.79     0.79
       9         :9@CA_:13@CA        9      0.3     6.07    0.655
      10         :13@CA_:9@CA        9      0.3     6.07    0.655
      11        :25@CA_:29@CA        8    0.267     4.75     1.19
      12        :29@CA_:25@CA        8    0.267     4.75     1.19
      13        :27@CA_:23@CA        8    0.267     5.13     1.21
      14        :23@CA_:27@CA        8    0.267     5.13     1.21
      15         :14@CA_:9@CA        7    0.233     5.41     1.22
      16         :9@CA_:14@CA        7    0.233     5.41     1.22
      17        :33@CA_:29@CA        6      0.2     5.61     1.02
      18        :29@CA_:33@CA        6      0.2     5.61     1.02
      19         :4@CA_:36@CA        6      0.2     5.65    0.579
      20         :36@CA_:4@CA        6      0.2     5.65    0.579
      21         :8@CA_:14@CA        6      0.2     6.04    0.567
      22         :14@CA_:8@CA        6      0.2     6.04    0.567
      23         :20@CA_:1@CA        6      0.2     6.07    0.581
      24         :1@CA_:20@CA        6      0.2     6.07    0.581
      25        :35@CA_:30@CA        6      0.2     6.22    0.244
      26        :30@CA_:35@CA        6      0.2     6.22    0.244
      27        :34@CA_:30@CA        5    0.167     4.95     1.07
      28        :30@CA_:34@CA        5    0.167     4.95     1.07
      29        :25@CA_:30@CA        5    0.167     5.35     1.02
      30        :30@CA_:25@CA        5    0.167     5.35     1.02
      31        :26@CA_:30@CA        5    0.167     5.86    0.857
      32        :30@CA_:26@CA        5    0.167     5.86    0.857
      33        :31@CA_:36@CA        5    0.167     5.86    0.684
      34        :36@CA_:31@CA        5    0.167     5.86    0.684
      35         :1@CA_:22@CA        4    0.133     4.73     1.22
      36         :22@CA_:1@CA        4    0.133     4.73     1.22
      37        :32@CA_:28@CA        4    0.133     5.44     1.01
      38        :28@CA_:32@CA        4    0.133     5.44     1.01
      39         :19@CA_:4@CA        4    0.133     5.51     1.26
      40         :4@CA_:19@CA        4    0.133     5.51     1.26
      41        :21@CA_:26@CA        4    0.133     5.53     0.83
      42        :26@CA_:21@CA        4    0.133     5.53     0.83
      43         :36@CA_:3@CA        4    0.133     5.65     1.17
      44         :3@CA_:36@CA        4    0.133     5.65     1.17
      45         :8@CA_:13@CA        4    0.133     5.75     1.09
      46         :13@CA_:8@CA        4    0.133     5.75     1.09
      47         :21@CA_:1@CA        3      0.1     3.57    0.665
      48         :1@CA_:21@CA        3      0.1     3.57    0.665
      49         :2@CA_:39@CA        3      0.1     3.59     1.71
      50         :39@CA_:2@CA        3      0.1     3.59     1.71
      51         :23@CA_:1@CA        3      0.1      4.2    0.737
      52         :1@CA_:23@CA        3      0.1      4.2    0.737
      53         :2@CA_:20@CA        3      0.1     5.03     1.37
      54         :20@CA_:2@CA        3      0.1     5.03     1.37
      55         :36@CA_:5@CA        3      0.1     5.37    0.965
      56         :5@CA_:36@CA        3      0.1     5.37    0.965
      57         :18@CA_:5@CA        3      0.1     5.37    0.866
      58         :5@CA_:18@CA        3      0.1     5.37    0.866
      59         :35@CA_:5@CA        3      0.1      5.5     0.69
      60         :5@CA_:35@CA        3      0.1      5.5     0.69
      61         :39@CA_:4@CA        3      0.1     5.66     1.08
      62         :4@CA_:39@CA        3      0.1     5.66     1.08
      63         :3@CA_:37@CA        3      0.1     6.03     0.37
      64         :37@CA_:3@CA        3      0.1     6.03     0.37
      65         :17@CA_:5@CA        2   0.0667     4.47    0.487
      66         :5@CA_:17@CA        2   0.0667     4.47    0.487
      67        :27@CA_:32@CA        2   0.0667     4.61    0.124
      68        :32@CA_:27@CA        2   0.0667     4.61    0.124
      69         :18@CA_:4@CA        2   0.0667     4.62     1.68
      70         :4@CA_:18@CA        2   0.0667     4.62     1.68
      71         :8@CA_:15@CA        2   0.0667     4.96     1.85
      72         :15@CA_:8@CA        2   0.0667     4.96     1.85
      73         :26@CA_:1@CA        2   0.0667     5.26    0.359
      74         :1@CA_:26@CA        2   0.0667     5.26    0.359
      75         :5@CA_:37@CA        2   0.0667     5.31    0.551
      76         :37@CA_:5@CA        2   0.0667     5.31    0.551
      77         :3@CA_:39@CA        2   0.0667     5.49     1.11
      78         :39@CA_:3@CA        2   0.0667     5.49     1.11
      79         :2@CA_:19@CA        2   0.0667      6.2    0.183
      80         :19@CA_:2@CA        2   0.0667      6.2    0.183
      81         :3@CA_:19@CA        2   0.0667     6.22   0.0564
      82         :19@CA_:3@CA        2   0.0667     6.22   0.0564
      83        :31@CA_:26@CA        2   0.0667      6.3    0.445
      84        :26@CA_:31@CA        2   0.0667      6.3    0.445
      85        :31@CA_:27@CA        2   0.0667     6.57    0.185
      86        :27@CA_:31@CA        2   0.0667     6.57    0.185
      87         :2@CA_:18@CA        2   0.0667     6.71    0.118
      88         :18@CA_:2@CA        2   0.0667     6.71    0.118
      89        :37@CA_:31@CA        2   0.0667     6.76   0.0756
      90        :31@CA_:37@CA        2   0.0667     6.76   0.0756
      91         :5@CA_:16@CA        1   0.0333     3.75        0
      92         :16@CA_:5@CA        1   0.0333     3.75        0
      93         :35@CA_:6@CA        1   0.0333     4.31        0
      94         :6@CA_:35@CA        1   0.0333     4.31        0
      95         :4@CA_:17@CA        1   0.0333      4.5 5.96e-08
      96         :17@CA_:4@CA        1   0.0333      4.5 5.96e-08
      97         :2@CA_:21@CA        1   0.0333     4.53        0
      98         :21@CA_:2@CA        1   0.0333     4.53        0
      99        :18@CA_:39@CA        1   0.0333     4.69        0
     100        :39@CA_:18@CA        1   0.0333     4.69        0
     101         :3@CA_:38@CA        1   0.0333     4.71        0
     102         :38@CA_:3@CA        1   0.0333     4.71        0
     103         :37@CA_:4@CA        1   0.0333     5.18 5.96e-08
     104         :4@CA_:37@CA        1   0.0333     5.18 5.96e-08
     105         :20@CA_:3@CA        1   0.0333     5.67        0
     106         :3@CA_:20@CA        1   0.0333     5.67        0
     107        :36@CA_:30@CA        1   0.0333     5.92 8.43e-08
     108        :30@CA_:36@CA        1   0.0333     5.92 8.43e-08
     109         :15@CA_:7@CA        1   0.0333     6.09        0
     110         :7@CA_:15@CA        1   0.0333     6.09        0
     111         :4@CA_:16@CA        1   0.0333     6.44        0
     112         :16@CA_:4@CA        1   0.0333     6.44        0
     113         :15@CA_:6@CA        1   0.0333     6.58        0
     114         :6@CA_:15@CA        1   0.0333     6.58        0
     115         :6@CA_:36@CA        1   0.0333     6.59        0
     116         :36@CA_:6@CA        1   0.0333     6.59        0
     117         :7@CA_:14@CA        1   0.0333     6.78 8.43e-08
     118         :14@CA_:7@CA        1   0.0333     6.78 8.43e-08
     119         :14@CA_:5@CA        0        0        0        0
     120         :38@CA_:2@CA        0        0        0        0
     121         :38@CA_:4@CA        0        0        0        0
     122         :16@CA_:6@CA        0        0        0        0
     123         :15@CA_:5@CA        0        0        0        0
     124         :18@CA_:3@CA        0        0        0        0
     125         :36@CA_:7@CA        0        0        0        0
     126         :2@CA_:38@CA        0        0        0        0
     127         :3@CA_:18@CA        0        0        0        0
     128         :35@CA_:7@CA        0        0        0        0
     129         :13@CA_:5@CA        0        0        0        0
     130         :7@CA_:36@CA        0        0        0        0
     131         :7@CA_:35@CA        0        0        0        0
     132         :4@CA_:38@CA        0        0        0        0
     133         :5@CA_:13@CA        0        0        0        0
     134         :6@CA_:16@CA        0        0        0        0
     135         :5@CA_:14@CA        0        0        0        0
     136         :5@CA_:15@CA        0        0        0        0
