# Contacts: Contacts_00002
# Native contacts determined from mask ':1-39@CA' and mask ':1-39@CA'
#                     Contact  Nframes    Frac.      Avg    Stdev
       1        :31@CA_:35@CA        6      0.2     5.16    0.944
       2        :35@CA_:31@CA        6      0.2     5.16    0.944
       3        :30@CA_:35@CA        5    0.167     4.57     1.03
       4        :35@CA_:30@CA        5    0.167     4.57     1.03
       5        :26@CA_:31@CA        5    0.167     5.42    0.879
       6        :31@CA_:26@CA        5    0.167     5.42    0.879
       7        :30@CA_:34@CA        5    0.167     5.48     1.36
       8        :34@CA_:30@CA        5    0.167     5.48     1.36
       9         :13@CA_:8@CA        5    0.167      5.7     0.91
      10         :8@CA_:13@CA        5    0.167      5.7     0.91
      11        :25@CA_:29@CA        5    0.167     5.71     1.04
      12        :29@CA_:25@CA        5    0.167     5.71     1.04
      13        :26@CA_:30@CA        5    0.167     6.16    0.666
      14        :30@CA_:26@CA        5    0.167     6.16    0.666
      15         :2@CA_:38@CA        4    0.133     5.19     1.94
      16         :38@CA_:2@CA        4    0.133     5.19     1.94
      17         :4@CA_:39@CA        4    0.133     5.46      1.2
      18         :39@CA_:4@CA        4    0.133     5.46      1.2
      19        :28@CA_:24@CA        4    0.133     5.47     1.31
      20        :24@CA_:28@CA        4    0.133     5.47     1.31
      21         :36@CA_:7@CA        4    0.133     5.53    0.634
      22         :7@CA_:36@CA        4    0.133     5.53    0.634
      23         :5@CA_:36@CA        4    0.133     6.12    0.652
      24         :36@CA_:5@CA        4    0.133     6.12    0.652
      25         :9@CA_:13@CA        4    0.133      6.2    0.248
      26         :13@CA_:9@CA        4    0.133      6.2    0.248
      27         :14@CA_:9@CA        4    0.133      6.4    0.134
      28         :9@CA_:14@CA        4    0.133      6.4    0.134
      29         :39@CA_:3@CA        3      0.1     3.46     1.31
      30         :3@CA_:39@CA        3      0.1     3.46     1.31
      31         :7@CA_:35@CA        3      0.1     3.89     2.22
      32         :35@CA_:7@CA        3      0.1     3.89     2.22
      33         :37@CA_:4@CA        3      0.1     4.05     1.57
      34         :4@CA_:37@CA        3      0.1     4.05     1.57
      35         :19@CA_:3@CA        3      0.1      4.2    0.941
      36         :3@CA_:19@CA        3      0.1      4.2    0.941
      37         :36@CA_:4@CA        3      0.1     4.24    0.318
      38         :4@CA_:36@CA        3      0.1     4.24    0.318
      39         :2@CA_:39@CA        3      0.1     4.46     1.11
      40         :39@CA_:2@CA        3      0.1     4.46     1.11
      41         :4@CA_:38@CA        3      0.1     5.11    0.126
      42         :38@CA_:4@CA        3      0.1     5.11    0.126
      43        :17@CA_:13@CA        3      0.1     5.55    0.861
      44        :13@CA_:17@CA        3      0.1     5.55    0.861
      45        :22@CA_:26@CA        3      0.1      5.6    0.506
      46        :26@CA_:22@CA        3      0.1      5.6    0.506
      47         :3@CA_:20@CA        3      0.1      5.7    0.789
      48         :20@CA_:3@CA        3      0.1      5.7    0.789
      49         :21@CA_:1@CA        3      0.1     5.72    0.367
      50         :1@CA_:21@CA        3      0.1     5.72    0.367
      51         :18@CA_:2@CA        3      0.1     5.75    0.336
      52         :2@CA_:18@CA        3      0.1     5.75    0.336
      53        :27@CA_:23@CA        3      0.1     5.89     1.39
      54        :23@CA_:27@CA        3      0.1     5.89     1.39
      55         :14@CA_:5@CA        3      0.1      5.9    0.223
      56         :5@CA_:14@CA        3      0.1      5.9    0.223
      57         :35@CA_:6@CA        3      0.1     6.56    0.224
      58         :6@CA_:35@CA        3      0.1     6.56    0.224
      59         :38@CA_:3@CA        3      0.1     6.84   0.0322
      60         :3@CA_:38@CA        3      0.1     6.84   0.0322
      61         :1@CA_:22@CA        2   0.0667     4.56    0.624
      62         :22@CA_:1@CA        2   0.0667     4.56    0.624
      63         :20@CA_:2@CA        2   0.0667     5.08     1.14
      64         :2@CA_:20@CA        2   0.0667     5.08     1.14
      65         :3@CA_:36@CA        2   0.0667     5.47     0.19
      66         :36@CA_:3@CA        2   0.0667     5.47     0.19
      67        :29@CA_:33@CA        2   0.0667     5.57    0.519
      68        :33@CA_:29@CA        2   0.0667     5.57    0.519
      69        :31@CA_:27@CA        2   0.0667     5.79    0.272
      70        :27@CA_:31@CA        2   0.0667     5.79    0.272
      71         :2@CA_:21@CA        2   0.0667     5.95   0.0913
      72         :21@CA_:2@CA        2   0.0667     5.95   0.0913
      73        :28@CA_:32@CA        2   0.0667     6.24    0.189
      74        :32@CA_:28@CA        2   0.0667     6.24    0.189
      75         :14@CA_:8@CA        2   0.0667     6.37    0.515
      76         :8@CA_:14@CA        2   0.0667     6.37    0.515
      77         :18@CA_:5@CA        2   0.0667     6.61   0.0175
      78         :5@CA_:18@CA        2   0.0667     6.61   0.0175
      79         :3@CA_:18@CA        1   0.0333     1.34        0
      80         :18@CA_:3@CA        1   0.0333     1.34        0
      81         :37@CA_:5@CA        1   0.0333     1.67        0
      82         :5@CA_:37@CA        1   0.0333     1.67        0
      83         :4@CA_:16@CA        1   0.0333     3.01        0
      84         :16@CA_:4@CA        1   0.0333     3.01        0
      85         :6@CA_:15@CA        1   0.0333     3.15        0
      86         :15@CA_:6@CA        1   0.0333     3.15        0
      87         :23@CA_:1@CA        1   0.0333     3.53        0
      88         :1@CA_:23@CA        1   0.0333     3.53        0
      89        :39@CA_:18@CA        1   0.0333      3.6        0
      90        :18@CA_:39@CA        1   0.0333      3.6        0
      91         :2@CA_:19@CA        1   0.0333     3.71        0
      92         :19@CA_:2@CA        1   0.0333     3.71        0
      93        :32@CA_:27@CA        1   0.0333      3.9        0
      94        :27@CA_:32@CA        1   0.0333      3.9        0
      95         :4@CA_:18@CA        1   0.0333      4.2 5.96e-08
      96         :18@CA_:4@CA        1   0.0333      4.2 5.96e-08
      97         :4@CA_:17@CA        1   0.0333     4.88        0
      98         :17@CA_:4@CA        1   0.0333     4.88        0
      99        :30@CA_:36@CA        1   0.0333     5.02        0
     100        :36@CA_:30@CA        1   0.0333     5.02        0
     101        :36@CA_:31@CA        1   0.0333     5.21        0
     102        :31@CA_:36@CA        1   0.0333     5.21        0
     103         :3@CA_:37@CA        1   0.0333     5.56        0
     104         :37@CA_:3@CA        1   0.0333     5.56        0
     105         :16@CA_:6@CA        1   0.0333     5.64 5.96e-08
     106         :6@CA_:16@CA        1   0.0333     5.64 5.96e-08
     107         :20@CA_:1@CA        1   0.0333     5.85        0
     108         :1@CA_:20@CA        1   0.0333     5.85        0
     109         :13@CA_:5@CA        1   0.0333     5.92 8.43e-08
     110         :5@CA_:13@CA        1   0.0333     5.92 8.43e-08
     111         :19@CA_:4@CA        1   0.0333     6.05        0
     112         :4@CA_:19@CA        1   0.0333     6.05        0
     113        :26@CA_:21@CA        1   0.0333     6.52        0
     114        :21@CA_:26@CA        1   0.0333     6.52        0
     115         :26@CA_:1@CA        1   0.0333     6.76        0
     116         :1@CA_:26@CA        1   0.0333     6.76        0
     117         :14@CA_:7@CA        1   0.0333     6.99 8.43e-08
     118         :7@CA_:14@CA        1   0.0333     6.99 8.43e-08
     119         :5@CA_:15@CA        0        0        0        0
     120         :15@CA_:5@CA        0        0        0        0
     121         :35@CA_:5@CA        0        0        0        0
     122        :25@CA_:30@CA        0        0        0        0
     123         :8@CA_:15@CA        0        0        0        0
     124         :7@CA_:15@CA        0        0        0        0
     125        :30@CA_:25@CA        0        0        0        0
     126        :37@CA_:31@CA        0        0        0        0
     127         :17@CA_:5@CA        0        0        0        0
     128         :6@CA_:36@CA        0        0        0        0
     129         :16@CA_:5@CA        0        0        0        0
     130         :15@CA_:8@CA        0        0        0        0
     131         :15@CA_:7@CA        0        0        0        0
     132         :5@CA_:16@CA        0        0        0        0
     133         :36@CA_:6@CA        0        0        0        0
     134         :5@CA_:17@CA        0        0        0        0
     135         :5@CA_:35@CA        0        0        0        0
     136        :31@CA_:37@CA        0        0        0        0
