# Contacts: Contacts_00002
# Native contacts determined from mask ':1-39@CA' and mask ':1-39@CA'
#                     Contact  Nframes    Frac.      Avg    Stdev
       1        :28@CA_:24@CA        8    0.267      5.9    0.665
       2        :24@CA_:28@CA        8    0.267      5.9    0.665
       3        :27@CA_:23@CA        6      0.2      5.3     1.09
       4        :23@CA_:27@CA        6      0.2      5.3     1.09
       5        :17@CA_:13@CA        6      0.2     5.32     1.17
       6        :13@CA_:17@CA        6      0.2     5.32     1.17
       7         :13@CA_:9@CA        6      0.2     5.46     1.25
       8         :9@CA_:13@CA        6      0.2     5.46     1.25
       9        :31@CA_:27@CA        6      0.2      5.9    0.408
      10        :27@CA_:31@CA        6      0.2      5.9    0.408
      11        :28@CA_:32@CA        6      0.2     5.97    0.536
      12        :32@CA_:28@CA        6      0.2     5.97    0.536
      13        :30@CA_:34@CA        5    0.167     4.94     1.26
      14        :34@CA_:30@CA        5    0.167     4.94     1.26
      15        :25@CA_:29@CA        5    0.167      5.1     1.07
      16        :29@CA_:25@CA        5    0.167      5.1     1.07
      17         :39@CA_:2@CA        5    0.167     5.26      1.4
      18         :2@CA_:39@CA        5    0.167     5.26      1.4
      19        :31@CA_:36@CA        5    0.167     5.54    0.634
      20        :36@CA_:31@CA        5    0.167     5.54    0.634
      21         :8@CA_:13@CA        5    0.167     5.56    0.607
      22         :13@CA_:8@CA        5    0.167     5.56    0.607
      23        :31@CA_:26@CA        5    0.167     5.62     1.07
      24        :26@CA_:31@CA        5    0.167     5.62     1.07
      25         :39@CA_:3@CA        5    0.167     5.77      1.6
      26         :3@CA_:39@CA        5    0.167     5.77      1.6
      27        :21@CA_:26@CA        5    0.167     6.11    0.726
      28        :26@CA_:21@CA        5    0.167     6.11    0.726
      29         :3@CA_:38@CA        4    0.133      4.4     1.58
      30         :38@CA_:3@CA        4    0.133      4.4     1.58
      31         :36@CA_:3@CA        4    0.133     4.68    0.748
      32         :3@CA_:36@CA        4    0.133     4.68    0.748
      33        :35@CA_:30@CA        4    0.133     4.75     1.06
      34        :30@CA_:35@CA        4    0.133     4.75     1.06
      35        :35@CA_:31@CA        4    0.133     4.89     1.28
      36        :31@CA_:35@CA        4    0.133     4.89     1.28
      37         :6@CA_:35@CA        4    0.133     5.05     2.06
      38         :35@CA_:6@CA        4    0.133     5.05     2.06
      39         :5@CA_:37@CA        4    0.133     5.84    0.799
      40         :37@CA_:5@CA        4    0.133     5.84    0.799
      41         :5@CA_:35@CA        4    0.133     5.89    0.742
      42         :35@CA_:5@CA        4    0.133     5.89    0.742
      43        :30@CA_:26@CA        4    0.133     6.08    0.569
      44        :26@CA_:30@CA        4    0.133     6.08    0.569
      45        :32@CA_:27@CA        4    0.133     6.13    0.752
      46        :27@CA_:32@CA        4    0.133     6.13    0.752
      47         :23@CA_:1@CA        4    0.133     6.16    0.792
      48         :1@CA_:23@CA        4    0.133     6.16    0.792
      49        :33@CA_:29@CA        4    0.133     6.29     0.25
      50        :29@CA_:33@CA        4    0.133     6.29     0.25
      51         :37@CA_:3@CA        3      0.1     3.38     1.23
      52         :3@CA_:37@CA        3      0.1     3.38     1.23
      53         :2@CA_:20@CA        3      0.1     4.51     2.46
      54         :20@CA_:2@CA        3      0.1     4.51     2.46
      55         :14@CA_:7@CA        3      0.1     4.87     1.05
      56         :7@CA_:14@CA        3      0.1     4.87     1.05
      57         :4@CA_:38@CA        3      0.1     5.09     1.32
      58         :38@CA_:4@CA        3      0.1     5.09     1.32
      59        :30@CA_:36@CA        3      0.1     5.56    0.314
      60        :36@CA_:30@CA        3      0.1     5.56    0.314
      61        :31@CA_:37@CA        3      0.1     5.57     0.55
      62        :37@CA_:31@CA        3      0.1     5.57     0.55
      63         :14@CA_:8@CA        3      0.1     5.84    0.954
      64         :8@CA_:14@CA        3      0.1     5.84    0.954
      65        :26@CA_:22@CA        3      0.1      5.9     1.08
      66        :22@CA_:26@CA        3      0.1      5.9     1.08
      67         :36@CA_:4@CA        3      0.1     6.24    0.316
      68         :4@CA_:36@CA        3      0.1     6.24    0.316
      69         :5@CA_:18@CA        2   0.0667     3.07     0.87
      70         :18@CA_:5@CA        2   0.0667     3.07     0.87
      71         :37@CA_:4@CA        2   0.0667     3.28    0.585
      72         :4@CA_:37@CA        2   0.0667     3.28    0.585
      73         :3@CA_:20@CA        2   0.0667     3.72     2.71
      74         :20@CA_:3@CA        2   0.0667     3.72     2.71
      75         :35@CA_:7@CA        2   0.0667      4.6    0.465
      76         :7@CA_:35@CA        2   0.0667      4.6    0.465
      77         :1@CA_:26@CA        2   0.0667     4.64     1.19
      78         :26@CA_:1@CA        2   0.0667     4.64     1.19
      79         :7@CA_:36@CA        2   0.0667     4.71     1.04
      80         :36@CA_:7@CA        2   0.0667     4.71     1.04
      81         :36@CA_:5@CA        2   0.0667     4.85     2.07
      82         :5@CA_:36@CA        2   0.0667     4.85     2.07
      83         :38@CA_:2@CA        2   0.0667     5.22    0.012
      84         :2@CA_:38@CA        2   0.0667     5.22    0.012
      85         :14@CA_:9@CA        2   0.0667      5.8    0.805
      86         :9@CA_:14@CA        2   0.0667      5.8    0.805
      87         :4@CA_:17@CA        2   0.0667     6.17    0.764
      88         :17@CA_:4@CA        2   0.0667     6.17    0.764
      89         :16@CA_:5@CA        2   0.0667     6.74    0.257
      90         :5@CA_:16@CA        2   0.0667     6.74    0.257
      91        :25@CA_:30@CA        1   0.0333     3.28        0
      92        :30@CA_:25@CA        1   0.0333     3.28        0
      93         :6@CA_:36@CA        1   0.0333     3.29        0
      94         :36@CA_:6@CA        1   0.0333     3.29        0
      95         :6@CA_:15@CA        1   0.0333     3.52        0
      96         :15@CA_:6@CA        1   0.0333     3.52        0
      97         :19@CA_:3@CA        1   0.0333     3.79        0
      98         :3@CA_:19@CA        1   0.0333     3.79        0
      99         :18@CA_:3@CA        1   0.0333     4.86        0
     100         :3@CA_:18@CA        1   0.0333     4.86        0
     101         :21@CA_:2@CA        1   0.0333     5.14        0
     102         :2@CA_:21@CA        1   0.0333     5.14        0
     103         :19@CA_:2@CA        1   0.0333     5.33        0
     104         :2@CA_:19@CA        1   0.0333     5.33        0
     105         :16@CA_:4@CA        1   0.0333     5.47        0
     106         :4@CA_:16@CA        1   0.0333     5.47        0
     107         :39@CA_:4@CA        1   0.0333     5.84        0
     108         :4@CA_:39@CA        1   0.0333     5.84        0
     109         :1@CA_:21@CA        1   0.0333     6.01        0
     110         :21@CA_:1@CA        1   0.0333     6.01        0
     111         :22@CA_:1@CA        1   0.0333     6.03 8.43e-08
     112         :1@CA_:22@CA        1   0.0333     6.03 8.43e-08
     113         :16@CA_:6@CA        1   0.0333     6.14        0
     114         :6@CA_:16@CA        1   0.0333     6.14        0
     115         :15@CA_:7@CA        1   0.0333     6.74 8.43e-08
     116         :7@CA_:15@CA        1   0.0333     6.74 8.43e-08
     117         :15@CA_:8@CA        1   0.0333      6.8        0
     118         :8@CA_:15@CA        1   0.0333      6.8        0
     119        :39@CA_:18@CA        1   0.0333     6.91        0
     120        :18@CA_:39@CA        1   0.0333     6.91        0
     121         :13@CA_:5@CA        0        0        0        0
     122         :1@CA_:20@CA        0        0        0        0
     123         :2@CA_:18@CA        0        0        0        0
     124         :4@CA_:18@CA        0        0        0        0
     125         :4@CA_:19@CA        0        0        0        0
     126         :5@CA_:13@CA        0        0        0        0
     127         :5@CA_:14@CA        0        0        0        0
     128         :5@CA_:15@CA        0        0        0        0
     129         :5@CA_:17@CA        0        0        0        0
     130         :20@CA_:1@CA        0        0        0        0
     131         :14@CA_:5@CA        0        0        0        0
     132         :15@CA_:5@CA        0        0        0        0
     133         :17@CA_:5@CA        0        0        0        0
     134         :18@CA_:2@CA        0        0        0        0
     135         :18@CA_:4@CA        0        0        0        0
     136         :19@CA_:4@CA        0        0        0        0
