# Contacts: Contacts_00002
# Native contacts determined from mask ':1-39@CA' and mask ':1-39@CA'
#                     Contact  Nframes    Frac.      Avg    Stdev
       1        :23@CA_:27@CA       10    0.333      5.7    0.709
       2        :27@CA_:23@CA       10    0.333      5.7    0.709
       3        :25@CA_:29@CA       10    0.333     5.71     1.31
       4        :29@CA_:25@CA       10    0.333     5.71     1.31
       5         :8@CA_:13@CA       10    0.333     5.92    0.704
       6         :13@CA_:8@CA       10    0.333     5.92    0.704
       7        :24@CA_:28@CA        9      0.3      5.5     1.07
       8        :28@CA_:24@CA        9      0.3      5.5     1.07
       9        :30@CA_:26@CA        9      0.3     5.81     1.26
      10        :26@CA_:30@CA        9      0.3     5.81     1.26
      11         :13@CA_:9@CA        8    0.267     5.25     1.33
      12         :9@CA_:13@CA        8    0.267     5.25     1.33
      13         :14@CA_:8@CA        8    0.267     5.31    0.647
      14         :8@CA_:14@CA        8    0.267     5.31    0.647
      15         :3@CA_:38@CA        7    0.233     3.98     1.44
      16         :38@CA_:3@CA        7    0.233     3.98     1.44
      17        :26@CA_:22@CA        7    0.233     5.12     1.22
      18        :22@CA_:26@CA        7    0.233     5.12     1.22
      19        :35@CA_:31@CA        7    0.233     5.64     1.33
      20        :31@CA_:35@CA        7    0.233     5.64     1.33
      21        :30@CA_:25@CA        6      0.2     5.54     1.06
      22        :25@CA_:30@CA        6      0.2     5.54     1.06
      23         :14@CA_:9@CA        6      0.2     5.85    0.599
      24         :9@CA_:14@CA        6      0.2     5.85    0.599
      25         :36@CA_:3@CA        5    0.167     5.06     1.19
      26         :3@CA_:36@CA        5    0.167     5.06     1.19
      27        :28@CA_:32@CA        5    0.167      5.2     1.18
      28        :32@CA_:28@CA        5    0.167      5.2     1.18
      29        :13@CA_:17@CA        5    0.167     5.21    0.656
      30        :17@CA_:13@CA        5    0.167     5.21    0.656
      31         :39@CA_:3@CA        5    0.167     5.22     1.05
      32         :3@CA_:39@CA        5    0.167     5.22     1.05
      33        :27@CA_:31@CA        4    0.133     4.79    0.595
      34        :31@CA_:27@CA        4    0.133     4.79    0.595
      35         :38@CA_:2@CA        4    0.133     5.25    0.992
      36         :2@CA_:38@CA        4    0.133     5.25    0.992
      37         :15@CA_:8@CA        4    0.133     5.44     1.07
      38         :8@CA_:15@CA        4    0.133     5.44     1.07
      39        :30@CA_:34@CA        4    0.133     5.95     1.18
      40        :34@CA_:30@CA        4    0.133     5.95     1.18
      41         :39@CA_:2@CA        4    0.133        6    0.492
      42         :2@CA_:39@CA        4    0.133        6    0.492
      43         :14@CA_:7@CA        4    0.133     6.01    0.856
      44         :7@CA_:14@CA        4    0.133     6.01    0.856
      45        :31@CA_:36@CA        4    0.133      6.2    0.354
      46        :36@CA_:31@CA        4    0.133      6.2    0.354
      47        :31@CA_:26@CA        4    0.133     6.65     0.41
      48        :26@CA_:31@CA        4    0.133     6.65     0.41
      49         :37@CA_:5@CA        3      0.1     5.23      1.2
      50         :5@CA_:37@CA        3      0.1     5.23      1.2
      51         :15@CA_:7@CA        3      0.1     5.37    0.176
      52         :7@CA_:15@CA        3      0.1     5.37    0.176
      53        :33@CA_:29@CA        3      0.1     5.47    0.454
      54        :29@CA_:33@CA        3      0.1     5.47    0.454
      55         :4@CA_:36@CA        3      0.1     5.64     0.84
      56         :36@CA_:4@CA        3      0.1     5.64     0.84
      57         :37@CA_:3@CA        3      0.1     5.67    0.454
      58         :3@CA_:37@CA        3      0.1     5.67    0.454
      59         :36@CA_:6@CA        3      0.1     5.83     1.28
      60         :6@CA_:36@CA        3      0.1     5.83     1.28
      61        :35@CA_:30@CA        3      0.1      6.2     0.58
      62        :30@CA_:35@CA        3      0.1      6.2     0.58
      63         :26@CA_:1@CA        3      0.1     6.26    0.381
      64         :1@CA_:26@CA        3      0.1     6.26    0.381
      65         :4@CA_:18@CA        2   0.0667     1.31     0.96
      66         :18@CA_:4@CA        2   0.0667     1.31     0.96
      67         :5@CA_:18@CA        2   0.0667      4.3    0.063
      68         :18@CA_:5@CA        2   0.0667      4.3    0.063
      69         :15@CA_:6@CA        2   0.0667     5.09    0.858
      70         :6@CA_:15@CA        2   0.0667     5.09    0.858
      71         :4@CA_:37@CA        2   0.0667     5.97    0.541
      72         :37@CA_:4@CA        2   0.0667     5.97    0.541
      73         :4@CA_:19@CA        2   0.0667     6.77    0.209
      74         :19@CA_:4@CA        2   0.0667     6.77    0.209
      75        :27@CA_:32@CA        1   0.0333     2.88        0
      76        :32@CA_:27@CA        1   0.0333     2.88        0
      77         :13@CA_:5@CA        1   0.0333     3.19        0
      78         :5@CA_:13@CA        1   0.0333     3.19        0
      79        :26@CA_:21@CA        1   0.0333     4.01 5.96e-08
      80        :21@CA_:26@CA        1   0.0333     4.01 5.96e-08
      81         :36@CA_:5@CA        1   0.0333      4.2        0
      82         :5@CA_:36@CA        1   0.0333      4.2        0
      83        :39@CA_:18@CA        1   0.0333     4.39 5.96e-08
      84        :18@CA_:39@CA        1   0.0333     4.39 5.96e-08
      85         :39@CA_:4@CA        1   0.0333      5.4 5.96e-08
      86         :4@CA_:39@CA        1   0.0333      5.4 5.96e-08
      87         :5@CA_:14@CA        1   0.0333     5.41        0
      88         :14@CA_:5@CA        1   0.0333     5.41        0
      89         :1@CA_:20@CA        1   0.0333     5.65        0
      90         :20@CA_:1@CA        1   0.0333     5.65        0
      91        :30@CA_:36@CA        1   0.0333     5.79        0
      92        :36@CA_:30@CA        1   0.0333     5.79        0
      93         :5@CA_:15@CA        1   0.0333     5.81        0
      94         :15@CA_:5@CA        1   0.0333     5.81        0
      95        :31@CA_:37@CA        1   0.0333     5.86        0
      96        :37@CA_:31@CA        1   0.0333     5.86        0
      97         :4@CA_:38@CA        1   0.0333     5.96 8.43e-08
      98         :38@CA_:4@CA        1   0.0333     5.96 8.43e-08
      99         :17@CA_:4@CA        1   0.0333     6.16        0
     100         :4@CA_:17@CA        1   0.0333     6.16        0
     101         :18@CA_:3@CA        1   0.0333     6.21        0
     102         :3@CA_:18@CA        1   0.0333     6.21        0
     103         :18@CA_:2@CA        1   0.0333     6.23        0
     104         :2@CA_:18@CA        1   0.0333     6.23        0
     105         :4@CA_:16@CA        1   0.0333     6.29 8.43e-08
     106         :16@CA_:4@CA        1   0.0333     6.29 8.43e-08
     107         :5@CA_:17@CA        1   0.0333     6.42        0
     108         :17@CA_:5@CA        1   0.0333     6.42        0
     109         :19@CA_:2@CA        1   0.0333     6.64 8.43e-08
     110         :2@CA_:19@CA        1   0.0333     6.64 8.43e-08
     111         :2@CA_:20@CA        1   0.0333     6.74        0
     112         :20@CA_:2@CA        1   0.0333     6.74        0
     113         :6@CA_:35@CA        1   0.0333     6.87 8.43e-08
     114         :35@CA_:6@CA        1   0.0333     6.87 8.43e-08
     115         :1@CA_:23@CA        0        0        0        0
     116         :19@CA_:3@CA        0        0        0        0
     117         :2@CA_:21@CA        0        0        0        0
     118         :20@CA_:3@CA        0        0        0        0
     119         :3@CA_:19@CA        0        0        0        0
     120         :21@CA_:1@CA        0        0        0        0
     121         :1@CA_:22@CA        0        0        0        0
     122         :1@CA_:21@CA        0        0        0        0
     123         :21@CA_:2@CA        0        0        0        0
     124         :22@CA_:1@CA        0        0        0        0
     125         :36@CA_:7@CA        0        0        0        0
     126         :5@CA_:35@CA        0        0        0        0
     127         :3@CA_:20@CA        0        0        0        0
     128         :16@CA_:6@CA        0        0        0        0
     129         :16@CA_:5@CA        0        0        0        0
     130         :7@CA_:36@CA        0        0        0        0
     131         :35@CA_:7@CA        0        0        0        0
     132         :35@CA_:5@CA        0        0        0        0
     133         :7@CA_:35@CA        0        0        0        0
     134         :5@CA_:16@CA        0        0        0        0
     135         :23@CA_:1@CA        0        0        0        0
     136         :6@CA_:16@CA        0        0        0        0
