# Contacts: Contacts_00002
# Native contacts determined from mask ':1-39@CA' and mask ':1-39@CA'
#                     Contact  Nframes    Frac.      Avg    Stdev
       1        :27@CA_:23@CA        7    0.233     5.36     1.08
       2        :23@CA_:27@CA        7    0.233     5.36     1.08
       3        :35@CA_:31@CA        7    0.233     5.69      1.2
       4        :31@CA_:35@CA        7    0.233     5.69      1.2
       5        :13@CA_:17@CA        7    0.233     5.76    0.661
       6        :17@CA_:13@CA        7    0.233     5.76    0.661
       7        :28@CA_:24@CA        6      0.2     5.25    0.757
       8        :24@CA_:28@CA        6      0.2     5.25    0.757
       9         :13@CA_:9@CA        5    0.167     5.76    0.801
      10         :9@CA_:13@CA        5    0.167     5.76    0.801
      11         :39@CA_:2@CA        5    0.167     5.81     1.31
      12         :2@CA_:39@CA        5    0.167     5.81     1.31
      13        :26@CA_:21@CA        5    0.167     6.03     1.19
      14        :21@CA_:26@CA        5    0.167     6.03     1.19
      15         :14@CA_:8@CA        5    0.167     6.13    0.651
      16         :8@CA_:14@CA        5    0.167     6.13    0.651
      17        :31@CA_:36@CA        4    0.133     4.98    0.731
      18        :36@CA_:31@CA        4    0.133     4.98    0.731
      19        :26@CA_:30@CA        4    0.133      6.5    0.381
      20        :30@CA_:26@CA        4    0.133      6.5    0.381
      21        :26@CA_:22@CA        4    0.133     6.74    0.185
      22        :22@CA_:26@CA        4    0.133     6.74    0.185
      23         :3@CA_:38@CA        3      0.1     4.19     1.49
      24         :38@CA_:3@CA        3      0.1     4.19     1.49
      25         :3@CA_:39@CA        3      0.1     4.78    0.642
      26         :39@CA_:3@CA        3      0.1     4.78    0.642
      27         :20@CA_:3@CA        3      0.1     4.84    0.592
      28         :3@CA_:20@CA        3      0.1     4.84    0.592
      29         :5@CA_:36@CA        3      0.1     5.07    0.977
      30         :36@CA_:5@CA        3      0.1     5.07    0.977
      31        :29@CA_:33@CA        3      0.1     5.26     1.31
      32        :33@CA_:29@CA        3      0.1     5.26     1.31
      33        :25@CA_:30@CA        3      0.1     5.43    0.703
      34        :30@CA_:25@CA        3      0.1     5.43    0.703
      35        :30@CA_:36@CA        3      0.1     5.62     1.15
      36        :36@CA_:30@CA        3      0.1     5.62     1.15
      37         :4@CA_:39@CA        3      0.1     5.62    0.702
      38         :39@CA_:4@CA        3      0.1     5.62    0.702
      39        :30@CA_:35@CA        3      0.1     5.69    0.669
      40        :35@CA_:30@CA        3      0.1     5.69    0.669
      41         :6@CA_:35@CA        3      0.1     6.18    0.697
      42         :35@CA_:6@CA        3      0.1     6.18    0.697
      43         :5@CA_:37@CA        3      0.1     6.22    0.376
      44         :37@CA_:5@CA        3      0.1     6.22    0.376
      45         :1@CA_:21@CA        3      0.1     6.45    0.385
      46         :21@CA_:1@CA        3      0.1     6.45    0.385
      47        :18@CA_:39@CA        2   0.0667     4.28     1.35
      48        :39@CA_:18@CA        2   0.0667     4.28     1.35
      49         :7@CA_:35@CA        2   0.0667      4.9    0.426
      50         :35@CA_:7@CA        2   0.0667      4.9    0.426
      51        :26@CA_:31@CA        2   0.0667     4.93    0.226
      52        :31@CA_:26@CA        2   0.0667     4.93    0.226
      53         :21@CA_:2@CA        2   0.0667     4.93     1.72
      54         :2@CA_:21@CA        2   0.0667     4.93     1.72
      55         :7@CA_:14@CA        2   0.0667     5.37     1.17
      56         :14@CA_:7@CA        2   0.0667     5.37     1.17
      57        :25@CA_:29@CA        2   0.0667     5.53    0.979
      58        :29@CA_:25@CA        2   0.0667     5.53    0.979
      59         :2@CA_:38@CA        2   0.0667     5.53    0.829
      60         :38@CA_:2@CA        2   0.0667     5.53    0.829
      61         :13@CA_:8@CA        2   0.0667     5.58    0.396
      62         :8@CA_:13@CA        2   0.0667     5.58    0.396
      63         :38@CA_:4@CA        2   0.0667     5.73    0.239
      64         :4@CA_:38@CA        2   0.0667     5.73    0.239
      65         :2@CA_:19@CA        2   0.0667     5.88    0.672
      66         :19@CA_:2@CA        2   0.0667     5.88    0.672
      67        :27@CA_:32@CA        2   0.0667     6.01    0.877
      68        :32@CA_:27@CA        2   0.0667     6.01    0.877
      69         :6@CA_:16@CA        2   0.0667     6.15    0.462
      70         :16@CA_:6@CA        2   0.0667     6.15    0.462
      71         :4@CA_:36@CA        2   0.0667     6.22    0.526
      72         :36@CA_:4@CA        2   0.0667     6.22    0.526
      73         :14@CA_:9@CA        2   0.0667     6.33    0.439
      74         :9@CA_:14@CA        2   0.0667     6.33    0.439
      75         :37@CA_:3@CA        2   0.0667     6.55    0.285
      76         :3@CA_:37@CA        2   0.0667     6.55    0.285
      77         :36@CA_:6@CA        1   0.0333     2.18        0
      78         :6@CA_:36@CA        1   0.0333     2.18        0
      79         :4@CA_:37@CA        1   0.0333     4.57 5.96e-08
      80         :37@CA_:4@CA        1   0.0333     4.57 5.96e-08
      81         :1@CA_:26@CA        1   0.0333     4.79        0
      82         :26@CA_:1@CA        1   0.0333     4.79        0
      83         :1@CA_:20@CA        1   0.0333     4.88 5.96e-08
      84         :20@CA_:1@CA        1   0.0333     4.88 5.96e-08
      85         :36@CA_:3@CA        1   0.0333     5.35        0
      86         :3@CA_:36@CA        1   0.0333     5.35        0
      87        :32@CA_:28@CA        1   0.0333     5.36        0
      88        :28@CA_:32@CA        1   0.0333     5.36        0
      89         :5@CA_:35@CA        1   0.0333     5.64        0
      90         :35@CA_:5@CA        1   0.0333     5.64        0
      91         :14@CA_:5@CA        1   0.0333     6.11        0
      92         :5@CA_:14@CA        1   0.0333     6.11        0
      93         :1@CA_:22@CA        1   0.0333     6.14        0
      94         :22@CA_:1@CA        1   0.0333     6.14        0
      95         :13@CA_:5@CA        1   0.0333     6.27        0
      96         :5@CA_:13@CA        1   0.0333     6.27        0
      97         :20@CA_:2@CA        1   0.0333     6.73        0
      98         :2@CA_:20@CA        1   0.0333     6.73        0
      99         :5@CA_:16@CA        1   0.0333      6.9        0
     100         :16@CA_:5@CA        1   0.0333      6.9        0
     101        :37@CA_:31@CA        1   0.0333     6.94        0
     102        :31@CA_:37@CA        1   0.0333     6.94        0
     103         :5@CA_:17@CA        0        0        0        0
     104         :6@CA_:15@CA        0        0        0        0
     105         :17@CA_:5@CA        0        0        0        0
     106         :17@CA_:4@CA        0        0        0        0
     107         :36@CA_:7@CA        0        0        0        0
     108         :16@CA_:4@CA        0        0        0        0
     109         :15@CA_:8@CA        0        0        0        0
     110         :15@CA_:7@CA        0        0        0        0
     111         :15@CA_:6@CA        0        0        0        0
     112         :15@CA_:5@CA        0        0        0        0
     113         :2@CA_:18@CA        0        0        0        0
     114         :5@CA_:18@CA        0        0        0        0
     115         :8@CA_:15@CA        0        0        0        0
     116         :1@CA_:23@CA        0        0        0        0
     117         :23@CA_:1@CA        0        0        0        0
     118         :4@CA_:17@CA        0        0        0        0
     119        :27@CA_:31@CA        0        0        0        0
     120         :19@CA_:4@CA        0        0        0        0
     121         :19@CA_:3@CA        0        0        0        0
     122         :18@CA_:5@CA        0        0        0        0
     123        :30@CA_:34@CA        0        0        0        0
     124         :4@CA_:19@CA        0        0        0        0
     125         :4@CA_:18@CA        0        0        0        0
     126         :18@CA_:4@CA        0        0        0        0
     127        :31@CA_:27@CA        0        0        0        0
     128         :3@CA_:18@CA        0        0        0        0
     129         :4@CA_:16@CA        0        0        0        0
     130         :18@CA_:3@CA        0        0        0        0
     131         :7@CA_:15@CA        0        0        0        0
     132         :18@CA_:2@CA        0        0        0        0
     133        :34@CA_:30@CA        0        0        0        0
     134         :5@CA_:15@CA        0        0        0        0
     135         :7@CA_:36@CA        0        0        0        0
     136         :3@CA_:19@CA        0        0        0        0
