# Contacts: Contacts_00002
# Native contacts determined from mask ':1-39@CA' and mask ':1-39@CA'
#                     Contact  Nframes    Frac.      Avg    Stdev
       1        :27@CA_:23@CA        8    0.267     5.72     1.05
       2        :23@CA_:27@CA        8    0.267     5.72     1.05
       3        :35@CA_:30@CA        6      0.2     5.53    0.572
       4        :30@CA_:35@CA        6      0.2     5.53    0.572
       5         :7@CA_:36@CA        5    0.167     4.76     1.15
       6         :36@CA_:7@CA        5    0.167     4.76     1.15
       7         :36@CA_:3@CA        5    0.167     5.06     1.87
       8         :3@CA_:36@CA        5    0.167     5.06     1.87
       9        :26@CA_:22@CA        5    0.167     5.31     1.59
      10        :22@CA_:26@CA        5    0.167     5.31     1.59
      11        :26@CA_:30@CA        5    0.167     5.39    0.967
      12        :30@CA_:26@CA        5    0.167     5.39    0.967
      13        :24@CA_:28@CA        5    0.167     5.57    0.427
      14        :28@CA_:24@CA        5    0.167     5.57    0.427
      15         :39@CA_:4@CA        4    0.133     5.27    0.889
      16         :4@CA_:39@CA        4    0.133     5.27    0.889
      17         :4@CA_:38@CA        4    0.133     5.35     1.29
      18         :38@CA_:4@CA        4    0.133     5.35     1.29
      19         :37@CA_:5@CA        4    0.133     5.42     1.12
      20         :5@CA_:37@CA        4    0.133     5.42     1.12
      21         :38@CA_:2@CA        4    0.133     5.47    0.917
      22         :2@CA_:38@CA        4    0.133     5.47    0.917
      23         :3@CA_:38@CA        4    0.133     5.82    0.758
      24         :38@CA_:3@CA        4    0.133     5.82    0.758
      25        :17@CA_:13@CA        4    0.133     6.16    0.809
      26        :13@CA_:17@CA        4    0.133     6.16    0.809
      27         :39@CA_:2@CA        3      0.1     4.52     1.33
      28         :2@CA_:39@CA        3      0.1     4.52     1.33
      29         :14@CA_:8@CA        3      0.1     5.46    0.857
      30         :8@CA_:14@CA        3      0.1     5.46    0.857
      31        :35@CA_:31@CA        3      0.1     5.63    0.504
      32        :31@CA_:35@CA        3      0.1     5.63    0.504
      33         :9@CA_:14@CA        3      0.1     5.66    0.649
      34         :14@CA_:9@CA        3      0.1     5.66    0.649
      35        :21@CA_:26@CA        3      0.1     5.87    0.844
      36        :26@CA_:21@CA        3      0.1     5.87    0.844
      37         :35@CA_:7@CA        3      0.1     6.18    0.416
      38         :7@CA_:35@CA        3      0.1     6.18    0.416
      39         :13@CA_:9@CA        3      0.1      6.2     0.51
      40         :9@CA_:13@CA        3      0.1      6.2     0.51
      41         :3@CA_:39@CA        2   0.0667      3.9      1.5
      42         :39@CA_:3@CA        2   0.0667      3.9      1.5
      43         :37@CA_:4@CA        2   0.0667     4.22    0.067
      44         :4@CA_:37@CA        2   0.0667     4.22    0.067
      45        :30@CA_:36@CA        2   0.0667     4.88     1.43
      46        :36@CA_:30@CA        2   0.0667     4.88     1.43
      47        :39@CA_:18@CA        2   0.0667     4.98   0.0421
      48        :18@CA_:39@CA        2   0.0667     4.98   0.0421
      49        :30@CA_:34@CA        2   0.0667     5.07    0.696
      50        :34@CA_:30@CA        2   0.0667     5.07    0.696
      51        :28@CA_:32@CA        2   0.0667     5.31     1.64
      52        :32@CA_:28@CA        2   0.0667     5.31     1.64
      53        :27@CA_:32@CA        2   0.0667     5.51    0.647
      54        :32@CA_:27@CA        2   0.0667     5.51    0.647
      55        :36@CA_:31@CA        2   0.0667     5.72    0.382
      56        :31@CA_:36@CA        2   0.0667     5.72    0.382
      57         :13@CA_:8@CA        2   0.0667     5.76    0.957
      58         :8@CA_:13@CA        2   0.0667     5.76    0.957
      59         :13@CA_:5@CA        2   0.0667      6.1    0.547
      60         :5@CA_:13@CA        2   0.0667      6.1    0.547
      61         :2@CA_:18@CA        2   0.0667     6.19   0.0313
      62         :18@CA_:2@CA        2   0.0667     6.19   0.0313
      63        :33@CA_:29@CA        2   0.0667     6.36    0.359
      64        :29@CA_:33@CA        2   0.0667     6.36    0.359
      65         :36@CA_:5@CA        1   0.0333     3.32        0
      66         :5@CA_:36@CA        1   0.0333     3.32        0
      67         :1@CA_:23@CA        1   0.0333     4.08        0
      68         :23@CA_:1@CA        1   0.0333     4.08        0
      69         :19@CA_:2@CA        1   0.0333     5.16        0
      70         :2@CA_:19@CA        1   0.0333     5.16        0
      71        :25@CA_:29@CA        1   0.0333     5.27        0
      72        :29@CA_:25@CA        1   0.0333     5.27        0
      73         :5@CA_:35@CA        1   0.0333     5.43        0
      74         :35@CA_:5@CA        1   0.0333     5.43        0
      75         :15@CA_:8@CA        1   0.0333     5.52 5.96e-08
      76         :8@CA_:15@CA        1   0.0333     5.52 5.96e-08
      77        :31@CA_:27@CA        1   0.0333     5.54        0
      78        :27@CA_:31@CA        1   0.0333     5.54        0
      79        :30@CA_:25@CA        1   0.0333     5.57        0
      80        :25@CA_:30@CA        1   0.0333     5.57        0
      81         :22@CA_:1@CA        1   0.0333     5.63 5.96e-08
      82         :1@CA_:22@CA        1   0.0333     5.63 5.96e-08
      83        :31@CA_:26@CA        1   0.0333     5.77        0
      84        :26@CA_:31@CA        1   0.0333     5.77        0
      85         :36@CA_:4@CA        1   0.0333     5.85        0
      86         :4@CA_:36@CA        1   0.0333     5.85        0
      87         :37@CA_:3@CA        1   0.0333        6        0
      88         :3@CA_:37@CA        1   0.0333        6        0
      89         :26@CA_:1@CA        1   0.0333     6.03        0
      90         :1@CA_:26@CA        1   0.0333     6.03        0
      91         :17@CA_:4@CA        1   0.0333     6.15        0
      92         :4@CA_:17@CA        1   0.0333     6.15        0
      93         :6@CA_:36@CA        1   0.0333     6.24        0
      94         :36@CA_:6@CA        1   0.0333     6.24        0
      95         :18@CA_:4@CA        1   0.0333     6.44        0
      96         :4@CA_:18@CA        1   0.0333     6.44        0
      97         :16@CA_:4@CA        1   0.0333     6.71        0
      98         :4@CA_:16@CA        1   0.0333     6.71        0
      99         :14@CA_:5@CA        1   0.0333     6.81        0
     100         :5@CA_:14@CA        1   0.0333     6.81        0
     101         :7@CA_:14@CA        1   0.0333     6.89        0
     102         :14@CA_:7@CA        1   0.0333     6.89        0
     103         :3@CA_:20@CA        0        0        0        0
     104        :37@CA_:31@CA        0        0        0        0
     105         :3@CA_:19@CA        0        0        0        0
     106         :4@CA_:19@CA        0        0        0        0
     107         :3@CA_:18@CA        0        0        0        0
     108         :5@CA_:15@CA        0        0        0        0
     109         :5@CA_:16@CA        0        0        0        0
     110         :2@CA_:21@CA        0        0        0        0
     111         :5@CA_:17@CA        0        0        0        0
     112         :5@CA_:18@CA        0        0        0        0
     113         :6@CA_:15@CA        0        0        0        0
     114         :2@CA_:20@CA        0        0        0        0
     115         :6@CA_:16@CA        0        0        0        0
     116         :21@CA_:2@CA        0        0        0        0
     117         :6@CA_:35@CA        0        0        0        0
     118         :1@CA_:21@CA        0        0        0        0
     119         :18@CA_:3@CA        0        0        0        0
     120         :21@CA_:1@CA        0        0        0        0
     121         :20@CA_:3@CA        0        0        0        0
     122         :20@CA_:2@CA        0        0        0        0
     123         :20@CA_:1@CA        0        0        0        0
     124         :19@CA_:4@CA        0        0        0        0
     125         :19@CA_:3@CA        0        0        0        0
     126         :18@CA_:5@CA        0        0        0        0
     127         :1@CA_:20@CA        0        0        0        0
     128         :7@CA_:15@CA        0        0        0        0
     129         :17@CA_:5@CA        0        0        0        0
     130         :16@CA_:6@CA        0        0        0        0
     131         :16@CA_:5@CA        0        0        0        0
     132        :31@CA_:37@CA        0        0        0        0
     133         :15@CA_:7@CA        0        0        0        0
     134         :15@CA_:6@CA        0        0        0        0
     135         :15@CA_:5@CA        0        0        0        0
     136         :35@CA_:6@CA        0        0        0        0
