# Contacts: Contacts_00002
# Native contacts determined from mask ':1-39@CA' and mask ':1-39@CA'
#                     Contact  Nframes    Frac.      Avg    Stdev
       1        :22@CA_:26@CA        7    0.233     5.44    0.868
       2        :26@CA_:22@CA        7    0.233     5.44    0.868
       3        :28@CA_:24@CA        6      0.2      5.7    0.937
       4        :24@CA_:28@CA        6      0.2      5.7    0.937
       5        :31@CA_:36@CA        6      0.2     6.24    0.496
       6        :36@CA_:31@CA        6      0.2     6.24    0.496
       7         :39@CA_:3@CA        5    0.167     4.63     1.19
       8         :3@CA_:39@CA        5    0.167     4.63     1.19
       9        :29@CA_:25@CA        5    0.167     4.92     0.44
      10        :25@CA_:29@CA        5    0.167     4.92     0.44
      11         :5@CA_:36@CA        5    0.167     5.09     1.96
      12         :36@CA_:5@CA        5    0.167     5.09     1.96
      13         :37@CA_:4@CA        5    0.167      5.5     1.03
      14         :4@CA_:37@CA        5    0.167      5.5     1.03
      15        :21@CA_:26@CA        5    0.167     5.59     1.26
      16        :26@CA_:21@CA        5    0.167     5.59     1.26
      17        :27@CA_:23@CA        5    0.167      5.8    0.838
      18        :23@CA_:27@CA        5    0.167      5.8    0.838
      19         :6@CA_:36@CA        5    0.167     5.87    0.855
      20         :36@CA_:6@CA        5    0.167     5.87    0.855
      21         :37@CA_:5@CA        5    0.167     5.96    0.843
      22         :5@CA_:37@CA        5    0.167     5.96    0.843
      23         :8@CA_:14@CA        5    0.167     6.04     1.03
      24         :14@CA_:8@CA        5    0.167     6.04     1.03
      25         :9@CA_:14@CA        5    0.167     6.41    0.319
      26         :14@CA_:9@CA        5    0.167     6.41    0.319
      27         :35@CA_:6@CA        4    0.133     4.33     1.17
      28         :6@CA_:35@CA        4    0.133     4.33     1.17
      29         :35@CA_:5@CA        4    0.133     4.37     1.44
      30         :5@CA_:35@CA        4    0.133     4.37     1.44
      31        :37@CA_:31@CA        4    0.133     4.37     2.04
      32        :31@CA_:37@CA        4    0.133     4.37     2.04
      33         :3@CA_:20@CA        4    0.133     4.38     1.63
      34         :20@CA_:3@CA        4    0.133     4.38     1.63
      35         :23@CA_:1@CA        4    0.133     4.73     1.49
      36         :1@CA_:23@CA        4    0.133     4.73     1.49
      37         :2@CA_:38@CA        4    0.133      4.9    0.742
      38         :38@CA_:2@CA        4    0.133      4.9    0.742
      39        :31@CA_:27@CA        4    0.133     5.04      1.7
      40        :27@CA_:31@CA        4    0.133     5.04      1.7
      41        :31@CA_:35@CA        4    0.133     5.22     1.38
      42        :35@CA_:31@CA        4    0.133     5.22     1.38
      43        :13@CA_:17@CA        4    0.133     5.39     1.87
      44        :17@CA_:13@CA        4    0.133     5.39     1.87
      45         :8@CA_:13@CA        4    0.133     5.78     0.57
      46         :13@CA_:8@CA        4    0.133     5.78     0.57
      47        :30@CA_:25@CA        4    0.133     6.59    0.267
      48        :25@CA_:30@CA        4    0.133     6.59    0.267
      49        :30@CA_:36@CA        3      0.1     4.23    0.623
      50        :36@CA_:30@CA        3      0.1     4.23    0.623
      51        :18@CA_:39@CA        3      0.1      4.3     1.99
      52        :39@CA_:18@CA        3      0.1      4.3     1.99
      53         :3@CA_:18@CA        3      0.1     4.61        1
      54         :18@CA_:3@CA        3      0.1     4.61        1
      55         :37@CA_:3@CA        3      0.1     4.62     1.74
      56         :3@CA_:37@CA        3      0.1     4.62     1.74
      57         :8@CA_:15@CA        3      0.1     4.93      1.1
      58         :15@CA_:8@CA        3      0.1     4.93      1.1
      59        :26@CA_:30@CA        3      0.1     4.94     1.29
      60        :30@CA_:26@CA        3      0.1     4.94     1.29
      61         :1@CA_:22@CA        3      0.1     5.17    0.983
      62         :22@CA_:1@CA        3      0.1     5.17    0.983
      63         :3@CA_:36@CA        3      0.1     5.28     1.22
      64         :36@CA_:3@CA        3      0.1     5.28     1.22
      65         :4@CA_:36@CA        3      0.1      5.3    0.256
      66         :36@CA_:4@CA        3      0.1      5.3    0.256
      67         :9@CA_:13@CA        3      0.1     5.38     1.02
      68         :13@CA_:9@CA        3      0.1     5.38     1.02
      69         :14@CA_:5@CA        3      0.1     5.59    0.457
      70         :5@CA_:14@CA        3      0.1     5.59    0.457
      71        :32@CA_:28@CA        3      0.1     5.64    0.621
      72        :28@CA_:32@CA        3      0.1     5.64    0.621
      73         :1@CA_:26@CA        3      0.1     5.79     0.85
      74         :26@CA_:1@CA        3      0.1     5.79     0.85
      75         :36@CA_:7@CA        3      0.1     5.92    0.643
      76         :7@CA_:36@CA        3      0.1     5.92    0.643
      77         :2@CA_:21@CA        3      0.1     6.09    0.423
      78         :21@CA_:2@CA        3      0.1     6.09    0.423
      79        :31@CA_:26@CA        3      0.1     6.14    0.728
      80        :26@CA_:31@CA        3      0.1     6.14    0.728
      81         :35@CA_:7@CA        3      0.1     6.22    0.575
      82         :7@CA_:35@CA        3      0.1     6.22    0.575
      83         :1@CA_:21@CA        2   0.0667     3.75     1.26
      84         :21@CA_:1@CA        2   0.0667     3.75     1.26
      85         :14@CA_:7@CA        2   0.0667     4.99    0.214
      86         :7@CA_:14@CA        2   0.0667     4.99    0.214
      87         :39@CA_:2@CA        2   0.0667     5.09     1.83
      88         :2@CA_:39@CA        2   0.0667     5.09     1.83
      89         :4@CA_:18@CA        2   0.0667     5.24     1.13
      90         :18@CA_:4@CA        2   0.0667     5.24     1.13
      91         :1@CA_:20@CA        2   0.0667     5.51     1.49
      92         :20@CA_:1@CA        2   0.0667     5.51     1.49
      93         :4@CA_:38@CA        2   0.0667     5.53    0.132
      94         :38@CA_:4@CA        2   0.0667     5.53    0.132
      95        :35@CA_:30@CA        2   0.0667      5.6    0.718
      96        :30@CA_:35@CA        2   0.0667      5.6    0.718
      97        :34@CA_:30@CA        2   0.0667     6.64    0.246
      98        :30@CA_:34@CA        2   0.0667     6.64    0.246
      99        :29@CA_:33@CA        2   0.0667     6.65    0.153
     100        :33@CA_:29@CA        2   0.0667     6.65    0.153
     101         :5@CA_:16@CA        1   0.0333     4.41 5.96e-08
     102         :16@CA_:5@CA        1   0.0333     4.41 5.96e-08
     103         :4@CA_:17@CA        1   0.0333     5.04 5.96e-08
     104         :17@CA_:4@CA        1   0.0333     5.04 5.96e-08
     105        :32@CA_:27@CA        1   0.0333      5.5        0
     106        :27@CA_:32@CA        1   0.0333      5.5        0
     107         :15@CA_:6@CA        1   0.0333     5.56 5.96e-08
     108         :6@CA_:15@CA        1   0.0333     5.56 5.96e-08
     109         :39@CA_:4@CA        1   0.0333     5.73        0
     110         :4@CA_:39@CA        1   0.0333     5.73        0
     111         :38@CA_:3@CA        1   0.0333     5.75        0
     112         :3@CA_:38@CA        1   0.0333     5.75        0
     113         :16@CA_:4@CA        1   0.0333     5.81 8.43e-08
     114         :4@CA_:16@CA        1   0.0333     5.81 8.43e-08
     115         :15@CA_:5@CA        1   0.0333     5.97        0
     116         :5@CA_:15@CA        1   0.0333     5.97        0
     117         :5@CA_:17@CA        1   0.0333     6.14        0
     118         :17@CA_:5@CA        1   0.0333     6.14        0
     119         :6@CA_:16@CA        1   0.0333     6.29        0
     120         :16@CA_:6@CA        1   0.0333     6.29        0
     121         :7@CA_:15@CA        1   0.0333     6.54        0
     122         :15@CA_:7@CA        1   0.0333     6.54        0
     123         :2@CA_:20@CA        1   0.0333     6.62        0
     124         :20@CA_:2@CA        1   0.0333     6.62        0
     125         :5@CA_:13@CA        1   0.0333     6.76 8.43e-08
     126         :13@CA_:5@CA        1   0.0333     6.76 8.43e-08
     127         :18@CA_:2@CA        1   0.0333     6.86        0
     128         :2@CA_:18@CA        1   0.0333     6.86        0
     129         :3@CA_:19@CA        1   0.0333     6.99        0
     130         :19@CA_:3@CA        1   0.0333     6.99        0
     131         :4@CA_:19@CA        0        0        0        0
     132         :18@CA_:5@CA        0        0        0        0
     133         :5@CA_:18@CA        0        0        0        0
     134         :19@CA_:2@CA        0        0        0        0
     135         :2@CA_:19@CA        0        0        0        0
     136         :19@CA_:4@CA        0        0        0        0
