# Contacts: Contacts_00002
# Native contacts determined from mask ':1-39@CA' and mask ':1-39@CA'
#                     Contact  Nframes    Frac.      Avg    Stdev
       1        :24@CA_:28@CA       14    0.467     5.57    0.866
       2        :28@CA_:24@CA       14    0.467     5.57    0.866
       3        :27@CA_:23@CA       13    0.433      5.3     1.25
       4        :23@CA_:27@CA       13    0.433      5.3     1.25
       5         :13@CA_:9@CA        9      0.3     5.89    0.946
       6         :9@CA_:13@CA        9      0.3     5.89    0.946
       7        :35@CA_:31@CA        8    0.267     5.14    0.803
       8        :31@CA_:35@CA        8    0.267     5.14    0.803
       9        :30@CA_:26@CA        8    0.267     5.22    0.606
      10        :26@CA_:30@CA        8    0.267     5.22    0.606
      11        :26@CA_:21@CA        8    0.267     5.55      1.2
      12        :21@CA_:26@CA        8    0.267     5.55      1.2
      13        :36@CA_:30@CA        7    0.233     5.33    0.864
      14        :30@CA_:36@CA        7    0.233     5.33    0.864
      15        :31@CA_:27@CA        7    0.233      5.4     1.46
      16        :27@CA_:31@CA        7    0.233      5.4     1.46
      17        :30@CA_:35@CA        7    0.233     5.57    0.789
      18        :35@CA_:30@CA        7    0.233     5.57    0.789
      19        :17@CA_:13@CA        6      0.2     5.29     1.26
      20        :13@CA_:17@CA        6      0.2     5.29     1.26
      21         :8@CA_:14@CA        6      0.2     5.42    0.738
      22         :14@CA_:8@CA        6      0.2     5.42    0.738
      23         :8@CA_:13@CA        6      0.2     5.53    0.967
      24         :13@CA_:8@CA        6      0.2     5.53    0.967
      25         :9@CA_:14@CA        6      0.2     5.68    0.591
      26         :14@CA_:9@CA        6      0.2     5.68    0.591
      27        :29@CA_:33@CA        6      0.2     5.88    0.881
      28        :33@CA_:29@CA        6      0.2     5.88    0.881
      29        :22@CA_:26@CA        5    0.167     4.66     1.53
      30        :26@CA_:22@CA        5    0.167     4.66     1.53
      31        :31@CA_:26@CA        5    0.167     5.56    0.426
      32        :26@CA_:31@CA        5    0.167     5.56    0.426
      33        :36@CA_:31@CA        5    0.167     5.87    0.779
      34        :31@CA_:36@CA        5    0.167     5.87    0.779
      35         :2@CA_:39@CA        5    0.167     5.96    0.839
      36         :39@CA_:2@CA        5    0.167     5.96    0.839
      37        :34@CA_:30@CA        5    0.167     6.09    0.619
      38        :30@CA_:34@CA        5    0.167     6.09    0.619
      39        :31@CA_:37@CA        5    0.167      6.4    0.504
      40        :37@CA_:31@CA        5    0.167      6.4    0.504
      41        :25@CA_:29@CA        4    0.133     4.56    0.696
      42        :29@CA_:25@CA        4    0.133     4.56    0.696
      43        :30@CA_:25@CA        4    0.133     4.86     1.17
      44        :25@CA_:30@CA        4    0.133     4.86     1.17
      45         :7@CA_:14@CA        4    0.133      5.5    0.612
      46         :14@CA_:7@CA        4    0.133      5.5    0.612
      47        :28@CA_:32@CA        4    0.133     6.15    0.519
      48        :32@CA_:28@CA        4    0.133     6.15    0.519
      49         :5@CA_:14@CA        3      0.1     4.86     1.45
      50         :14@CA_:5@CA        3      0.1     4.86     1.45
      51        :18@CA_:39@CA        3      0.1     4.95     1.36
      52        :39@CA_:18@CA        3      0.1     4.95     1.36
      53         :5@CA_:13@CA        3      0.1     5.29    0.927
      54         :13@CA_:5@CA        3      0.1     5.29    0.927
      55         :4@CA_:39@CA        3      0.1     5.35     1.78
      56         :39@CA_:4@CA        3      0.1     5.35     1.78
      57         :15@CA_:8@CA        3      0.1     5.43    0.854
      58         :8@CA_:15@CA        3      0.1     5.43    0.854
      59        :32@CA_:27@CA        3      0.1     5.52    0.915
      60        :27@CA_:32@CA        3      0.1     5.52    0.915
      61         :3@CA_:39@CA        3      0.1     5.71    0.386
      62         :39@CA_:3@CA        3      0.1     5.71    0.386
      63         :23@CA_:1@CA        3      0.1     5.99     1.29
      64         :1@CA_:23@CA        3      0.1     5.99     1.29
      65         :7@CA_:36@CA        2   0.0667     4.11    0.235
      66         :36@CA_:7@CA        2   0.0667     4.11    0.235
      67         :22@CA_:1@CA        2   0.0667     4.77    0.477
      68         :1@CA_:22@CA        2   0.0667     4.77    0.477
      69         :2@CA_:21@CA        2   0.0667     5.71    0.279
      70         :21@CA_:2@CA        2   0.0667     5.71    0.279
      71         :2@CA_:38@CA        2   0.0667     5.82     1.07
      72         :38@CA_:2@CA        2   0.0667     5.82     1.07
      73         :36@CA_:4@CA        2   0.0667     6.02     0.17
      74         :4@CA_:36@CA        2   0.0667     6.02     0.17
      75         :37@CA_:3@CA        2   0.0667     6.07    0.337
      76         :3@CA_:37@CA        2   0.0667     6.07    0.337
      77         :38@CA_:4@CA        2   0.0667     6.14    0.811
      78         :4@CA_:38@CA        2   0.0667     6.14    0.811
      79         :19@CA_:2@CA        2   0.0667     6.45   0.0364
      80         :2@CA_:19@CA        2   0.0667     6.45   0.0364
      81         :36@CA_:6@CA        1   0.0333     2.39        0
      82         :6@CA_:36@CA        1   0.0333     2.39        0
      83         :4@CA_:37@CA        1   0.0333     3.75 4.21e-08
      84         :37@CA_:4@CA        1   0.0333     3.75 4.21e-08
      85         :4@CA_:19@CA        1   0.0333     3.82 4.21e-08
      86         :19@CA_:4@CA        1   0.0333     3.82 4.21e-08
      87         :15@CA_:5@CA        1   0.0333     4.11        0
      88         :5@CA_:15@CA        1   0.0333     4.11        0
      89         :5@CA_:37@CA        1   0.0333     4.33        0
      90         :37@CA_:5@CA        1   0.0333     4.33        0
      91         :3@CA_:36@CA        1   0.0333     5.03 5.96e-08
      92         :36@CA_:3@CA        1   0.0333     5.03 5.96e-08
      93         :5@CA_:18@CA        1   0.0333     5.26        0
      94         :18@CA_:5@CA        1   0.0333     5.26        0
      95         :15@CA_:6@CA        1   0.0333     5.48 5.96e-08
      96         :6@CA_:15@CA        1   0.0333     5.48 5.96e-08
      97         :5@CA_:16@CA        1   0.0333     5.58 5.96e-08
      98         :16@CA_:5@CA        1   0.0333     5.58 5.96e-08
      99         :35@CA_:7@CA        1   0.0333     5.58        0
     100         :7@CA_:35@CA        1   0.0333     5.58        0
     101         :38@CA_:3@CA        1   0.0333     5.61        0
     102         :3@CA_:38@CA        1   0.0333     5.61        0
     103         :2@CA_:18@CA        1   0.0333     5.87        0
     104         :18@CA_:2@CA        1   0.0333     5.87        0
     105         :5@CA_:17@CA        1   0.0333     5.88 8.43e-08
     106         :17@CA_:5@CA        1   0.0333     5.88 8.43e-08
     107         :3@CA_:19@CA        1   0.0333     6.25        0
     108         :19@CA_:3@CA        1   0.0333     6.25        0
     109         :3@CA_:20@CA        1   0.0333     6.32        0
     110         :20@CA_:3@CA        1   0.0333     6.32        0
     111         :1@CA_:20@CA        1   0.0333     6.32        0
     112         :20@CA_:1@CA        1   0.0333     6.32        0
     113         :16@CA_:6@CA        1   0.0333     6.35        0
     114         :6@CA_:16@CA        1   0.0333     6.35        0
     115         :35@CA_:5@CA        1   0.0333     6.36 8.43e-08
     116         :5@CA_:35@CA        1   0.0333     6.36 8.43e-08
     117         :1@CA_:26@CA        1   0.0333     6.59        0
     118         :26@CA_:1@CA        1   0.0333     6.59        0
     119         :18@CA_:4@CA        1   0.0333     6.88 8.43e-08
     120         :4@CA_:18@CA        1   0.0333     6.88 8.43e-08
     121         :2@CA_:20@CA        1   0.0333     6.91 8.43e-08
     122         :20@CA_:2@CA        1   0.0333     6.91 8.43e-08
     123         :15@CA_:7@CA        1   0.0333     6.92        0
     124         :7@CA_:15@CA        1   0.0333     6.92        0
     125         :1@CA_:21@CA        0        0        0        0
     126         :35@CA_:6@CA        0        0        0        0
     127         :3@CA_:18@CA        0        0        0        0
     128         :4@CA_:16@CA        0        0        0        0
     129         :4@CA_:17@CA        0        0        0        0
     130         :5@CA_:36@CA        0        0        0        0
     131         :6@CA_:35@CA        0        0        0        0
     132         :16@CA_:4@CA        0        0        0        0
     133         :17@CA_:4@CA        0        0        0        0
     134         :18@CA_:3@CA        0        0        0        0
     135         :21@CA_:1@CA        0        0        0        0
     136         :36@CA_:5@CA        0        0        0        0
