# Contacts: Contacts_00002
# Native contacts determined from mask ':1-39@CA' and mask ':1-39@CA'
#                     Contact  Nframes    Frac.      Avg    Stdev
       1        :24@CA_:28@CA        9      0.3     5.44    0.824
       2        :28@CA_:24@CA        9      0.3     5.44    0.824
       3        :23@CA_:27@CA        6      0.2     4.61    0.895
       4        :27@CA_:23@CA        6      0.2     4.61    0.895
       5        :22@CA_:26@CA        6      0.2     5.65    0.513
       6        :26@CA_:22@CA        6      0.2     5.65    0.513
       7        :30@CA_:35@CA        6      0.2     6.42    0.487
       8        :35@CA_:30@CA        6      0.2     6.42    0.487
       9        :27@CA_:31@CA        5    0.167     5.78    0.798
      10        :31@CA_:27@CA        5    0.167     5.78    0.798
      11         :7@CA_:36@CA        5    0.167     5.79    0.917
      12         :36@CA_:7@CA        5    0.167     5.79    0.917
      13        :31@CA_:26@CA        5    0.167     5.81    0.708
      14        :26@CA_:31@CA        5    0.167     5.81    0.708
      15        :31@CA_:35@CA        4    0.133      4.7     1.21
      16        :35@CA_:31@CA        4    0.133      4.7     1.21
      17        :29@CA_:25@CA        4    0.133     5.04    0.752
      18        :25@CA_:29@CA        4    0.133     5.04    0.752
      19         :4@CA_:36@CA        4    0.133      5.9    0.183
      20         :36@CA_:4@CA        4    0.133      5.9    0.183
      21        :36@CA_:31@CA        4    0.133     6.05    0.642
      22        :31@CA_:36@CA        4    0.133     6.05    0.642
      23        :34@CA_:30@CA        3      0.1     4.34    0.971
      24        :30@CA_:34@CA        3      0.1     4.34    0.971
      25        :37@CA_:31@CA        3      0.1     4.75     1.52
      26        :31@CA_:37@CA        3      0.1     4.75     1.52
      27        :17@CA_:13@CA        3      0.1     4.86     1.55
      28        :13@CA_:17@CA        3      0.1     4.86     1.55
      29         :1@CA_:26@CA        3      0.1     5.56    0.371
      30         :26@CA_:1@CA        3      0.1     5.56    0.371
      31         :13@CA_:8@CA        3      0.1     5.61   0.0668
      32         :8@CA_:13@CA        3      0.1     5.61   0.0668
      33        :26@CA_:21@CA        3      0.1     5.65    0.572
      34        :21@CA_:26@CA        3      0.1     5.65    0.572
      35         :3@CA_:36@CA        3      0.1      5.7      1.2
      36         :36@CA_:3@CA        3      0.1      5.7      1.2
      37         :35@CA_:7@CA        3      0.1     5.72     0.96
      38         :7@CA_:35@CA        3      0.1     5.72     0.96
      39        :33@CA_:29@CA        3      0.1     5.98      0.4
      40        :29@CA_:33@CA        3      0.1     5.98      0.4
      41         :38@CA_:4@CA        3      0.1     6.04     1.16
      42         :4@CA_:38@CA        3      0.1     6.04     1.16
      43         :36@CA_:5@CA        3      0.1     6.25    0.518
      44         :5@CA_:36@CA        3      0.1     6.25    0.518
      45        :26@CA_:30@CA        3      0.1     6.78    0.181
      46        :30@CA_:26@CA        3      0.1     6.78    0.181
      47        :28@CA_:32@CA        2   0.0667     3.83     0.89
      48        :32@CA_:28@CA        2   0.0667     3.83     0.89
      49         :37@CA_:4@CA        2   0.0667     4.49     2.11
      50         :4@CA_:37@CA        2   0.0667     4.49     2.11
      51         :21@CA_:1@CA        2   0.0667     5.03     1.35
      52         :1@CA_:21@CA        2   0.0667     5.03     1.35
      53         :5@CA_:37@CA        2   0.0667     5.07    0.242
      54         :37@CA_:5@CA        2   0.0667     5.07    0.242
      55         :37@CA_:3@CA        2   0.0667     5.17     0.21
      56         :3@CA_:37@CA        2   0.0667     5.17     0.21
      57         :14@CA_:8@CA        2   0.0667      5.3    0.824
      58         :8@CA_:14@CA        2   0.0667      5.3    0.824
      59         :2@CA_:20@CA        2   0.0667     5.57    0.191
      60         :20@CA_:2@CA        2   0.0667     5.57    0.191
      61        :18@CA_:39@CA        2   0.0667        6    0.719
      62        :39@CA_:18@CA        2   0.0667        6    0.719
      63         :13@CA_:9@CA        2   0.0667     6.04    0.634
      64         :9@CA_:13@CA        2   0.0667     6.04    0.634
      65        :32@CA_:27@CA        2   0.0667     6.27    0.169
      66        :27@CA_:32@CA        2   0.0667     6.27    0.169
      67         :2@CA_:38@CA        2   0.0667     6.39    0.196
      68         :38@CA_:2@CA        2   0.0667     6.39    0.196
      69         :38@CA_:3@CA        2   0.0667     6.56    0.162
      70         :3@CA_:38@CA        2   0.0667     6.56    0.162
      71         :21@CA_:2@CA        1   0.0333     1.62        0
      72         :2@CA_:21@CA        1   0.0333     1.62        0
      73         :39@CA_:2@CA        1   0.0333     1.85        0
      74         :2@CA_:39@CA        1   0.0333     1.85        0
      75         :15@CA_:8@CA        1   0.0333     2.52        0
      76         :8@CA_:15@CA        1   0.0333     2.52        0
      77         :5@CA_:14@CA        1   0.0333     4.44        0
      78         :14@CA_:5@CA        1   0.0333     4.44        0
      79         :1@CA_:22@CA        1   0.0333     4.73        0
      80         :22@CA_:1@CA        1   0.0333     4.73        0
      81         :6@CA_:35@CA        1   0.0333     5.12        0
      82         :35@CA_:6@CA        1   0.0333     5.12        0
      83         :39@CA_:4@CA        1   0.0333     5.13        0
      84         :4@CA_:39@CA        1   0.0333     5.13        0
      85         :4@CA_:18@CA        1   0.0333     5.19        0
      86         :18@CA_:4@CA        1   0.0333     5.19        0
      87         :17@CA_:4@CA        1   0.0333     5.27        0
      88         :4@CA_:17@CA        1   0.0333     5.27        0
      89         :3@CA_:39@CA        1   0.0333     5.61        0
      90         :39@CA_:3@CA        1   0.0333     5.61        0
      91         :5@CA_:16@CA        1   0.0333     6.17        0
      92         :16@CA_:5@CA        1   0.0333     6.17        0
      93         :14@CA_:7@CA        1   0.0333     6.37 8.43e-08
      94         :7@CA_:14@CA        1   0.0333     6.37 8.43e-08
      95         :3@CA_:18@CA        1   0.0333     6.43        0
      96         :18@CA_:3@CA        1   0.0333     6.43        0
      97         :35@CA_:5@CA        1   0.0333     6.58 8.43e-08
      98         :5@CA_:35@CA        1   0.0333     6.58 8.43e-08
      99         :6@CA_:36@CA        1   0.0333     6.61 8.43e-08
     100         :36@CA_:6@CA        1   0.0333     6.61 8.43e-08
     101         :17@CA_:5@CA        1   0.0333      6.9 8.43e-08
     102         :5@CA_:17@CA        1   0.0333      6.9 8.43e-08
     103         :1@CA_:20@CA        0        0        0        0
     104         :16@CA_:6@CA        0        0        0        0
     105         :4@CA_:16@CA        0        0        0        0
     106         :3@CA_:20@CA        0        0        0        0
     107         :3@CA_:19@CA        0        0        0        0
     108         :1@CA_:23@CA        0        0        0        0
     109         :2@CA_:18@CA        0        0        0        0
     110         :2@CA_:19@CA        0        0        0        0
     111        :36@CA_:30@CA        0        0        0        0
     112         :14@CA_:9@CA        0        0        0        0
     113         :18@CA_:2@CA        0        0        0        0
     114         :18@CA_:5@CA        0        0        0        0
     115         :16@CA_:4@CA        0        0        0        0
     116         :19@CA_:2@CA        0        0        0        0
     117         :19@CA_:3@CA        0        0        0        0
     118         :19@CA_:4@CA        0        0        0        0
     119         :20@CA_:1@CA        0        0        0        0
     120         :20@CA_:3@CA        0        0        0        0
     121         :15@CA_:7@CA        0        0        0        0
     122         :15@CA_:6@CA        0        0        0        0
     123         :15@CA_:5@CA        0        0        0        0
     124         :23@CA_:1@CA        0        0        0        0
     125         :4@CA_:19@CA        0        0        0        0
     126        :25@CA_:30@CA        0        0        0        0
     127         :13@CA_:5@CA        0        0        0        0
     128         :9@CA_:14@CA        0        0        0        0
     129         :7@CA_:15@CA        0        0        0        0
     130         :6@CA_:16@CA        0        0        0        0
     131         :6@CA_:15@CA        0        0        0        0
     132        :30@CA_:25@CA        0        0        0        0
     133         :5@CA_:18@CA        0        0        0        0
     134        :30@CA_:36@CA        0        0        0        0
     135         :5@CA_:15@CA        0        0        0        0
     136         :5@CA_:13@CA        0        0        0        0
