# Contacts: Contacts_00002
# Native contacts determined from mask ':1-39@CA' and mask ':1-39@CA'
#                     Contact  Nframes    Frac.      Avg    Stdev
       1        :27@CA_:23@CA       10    0.333     5.64    0.897
       2        :23@CA_:27@CA       10    0.333     5.64    0.897
       3        :28@CA_:24@CA        8    0.267     5.88    0.726
       4        :24@CA_:28@CA        8    0.267     5.88    0.726
       5         :13@CA_:9@CA        6      0.2     5.09     1.44
       6         :9@CA_:13@CA        6      0.2     5.09     1.44
       7        :17@CA_:13@CA        6      0.2     5.49     1.19
       8        :13@CA_:17@CA        6      0.2     5.49     1.19
       9         :8@CA_:13@CA        6      0.2     6.24    0.288
      10         :13@CA_:8@CA        6      0.2     6.24    0.288
      11         :39@CA_:2@CA        5    0.167     4.94     1.69
      12         :2@CA_:39@CA        5    0.167     4.94     1.69
      13        :39@CA_:18@CA        5    0.167     5.15    0.951
      14        :18@CA_:39@CA        5    0.167     5.15    0.951
      15         :39@CA_:3@CA        5    0.167     5.25     1.96
      16         :3@CA_:39@CA        5    0.167     5.25     1.96
      17        :25@CA_:30@CA        5    0.167     5.41     1.33
      18        :30@CA_:25@CA        5    0.167     5.41     1.33
      19        :26@CA_:30@CA        5    0.167     5.41    0.528
      20        :30@CA_:26@CA        5    0.167     5.41    0.528
      21         :36@CA_:3@CA        5    0.167     5.51     1.09
      22         :3@CA_:36@CA        5    0.167     5.51     1.09
      23        :22@CA_:26@CA        5    0.167     5.61    0.386
      24        :26@CA_:22@CA        5    0.167     5.61    0.386
      25        :25@CA_:29@CA        5    0.167     5.65    0.861
      26        :29@CA_:25@CA        5    0.167     5.65    0.861
      27         :18@CA_:2@CA        5    0.167     5.68    0.984
      28         :2@CA_:18@CA        5    0.167     5.68    0.984
      29         :20@CA_:2@CA        5    0.167     6.15    0.345
      30         :2@CA_:20@CA        5    0.167     6.15    0.345
      31         :2@CA_:38@CA        4    0.133     4.85    0.899
      32         :38@CA_:2@CA        4    0.133     4.85    0.899
      33        :31@CA_:36@CA        4    0.133      5.7    0.423
      34        :36@CA_:31@CA        4    0.133      5.7    0.423
      35        :31@CA_:35@CA        4    0.133     5.75    0.929
      36        :35@CA_:31@CA        4    0.133     5.75    0.929
      37         :39@CA_:4@CA        4    0.133     5.85     0.37
      38         :4@CA_:39@CA        4    0.133     5.85     0.37
      39        :21@CA_:26@CA        4    0.133     5.87    0.823
      40        :26@CA_:21@CA        4    0.133     5.87    0.823
      41         :14@CA_:9@CA        4    0.133     5.88    0.625
      42         :9@CA_:14@CA        4    0.133     5.88    0.625
      43         :20@CA_:1@CA        4    0.133     6.17     0.71
      44         :1@CA_:20@CA        4    0.133     6.17     0.71
      45         :3@CA_:20@CA        3      0.1     4.62    0.789
      46         :20@CA_:3@CA        3      0.1     4.62    0.789
      47         :21@CA_:2@CA        3      0.1     4.67     1.52
      48         :2@CA_:21@CA        3      0.1     4.67     1.52
      49         :3@CA_:18@CA        3      0.1      4.7    0.888
      50         :18@CA_:3@CA        3      0.1      4.7    0.888
      51         :38@CA_:3@CA        3      0.1     4.87   0.0782
      52         :3@CA_:38@CA        3      0.1     4.87   0.0782
      53        :34@CA_:30@CA        3      0.1     4.92     1.09
      54        :30@CA_:34@CA        3      0.1     4.92     1.09
      55        :32@CA_:28@CA        3      0.1     5.27    0.722
      56        :28@CA_:32@CA        3      0.1     5.27    0.722
      57        :27@CA_:31@CA        3      0.1      5.6     1.09
      58        :31@CA_:27@CA        3      0.1      5.6     1.09
      59        :31@CA_:26@CA        3      0.1     5.89    0.833
      60        :26@CA_:31@CA        3      0.1     5.89    0.833
      61         :2@CA_:19@CA        3      0.1     6.03    0.552
      62         :19@CA_:2@CA        3      0.1     6.03    0.552
      63         :37@CA_:3@CA        3      0.1     6.03    0.925
      64         :3@CA_:37@CA        3      0.1     6.03    0.925
      65         :4@CA_:36@CA        3      0.1     6.27    0.734
      66         :36@CA_:4@CA        3      0.1     6.27    0.734
      67         :18@CA_:4@CA        3      0.1     6.47    0.306
      68         :4@CA_:18@CA        3      0.1     6.47    0.306
      69         :5@CA_:37@CA        2   0.0667     3.55    0.129
      70         :37@CA_:5@CA        2   0.0667     3.55    0.129
      71         :19@CA_:3@CA        2   0.0667      4.3    0.265
      72         :3@CA_:19@CA        2   0.0667      4.3    0.265
      73        :30@CA_:36@CA        2   0.0667     4.89    0.387
      74        :36@CA_:30@CA        2   0.0667     4.89    0.387
      75         :16@CA_:4@CA        2   0.0667     4.95     0.75
      76         :4@CA_:16@CA        2   0.0667     4.95     0.75
      77         :17@CA_:4@CA        2   0.0667     5.57     1.23
      78         :4@CA_:17@CA        2   0.0667     5.57     1.23
      79         :5@CA_:13@CA        2   0.0667     5.72     1.19
      80         :13@CA_:5@CA        2   0.0667     5.72     1.19
      81        :33@CA_:29@CA        2   0.0667     5.92  0.00258
      82        :29@CA_:33@CA        2   0.0667     5.92  0.00258
      83         :14@CA_:8@CA        2   0.0667     5.96    0.457
      84         :8@CA_:14@CA        2   0.0667     5.96    0.457
      85         :1@CA_:26@CA        2   0.0667     6.33    0.218
      86         :26@CA_:1@CA        2   0.0667     6.33    0.218
      87         :1@CA_:23@CA        2   0.0667     6.61    0.184
      88         :23@CA_:1@CA        2   0.0667     6.61    0.184
      89         :38@CA_:4@CA        2   0.0667     6.67    0.249
      90         :4@CA_:38@CA        2   0.0667     6.67    0.249
      91         :5@CA_:18@CA        1   0.0333     1.04        0
      92         :18@CA_:5@CA        1   0.0333     1.04        0
      93         :1@CA_:21@CA        1   0.0333     1.83        0
      94         :21@CA_:1@CA        1   0.0333     1.83        0
      95         :15@CA_:5@CA        1   0.0333     3.82        0
      96         :5@CA_:15@CA        1   0.0333     3.82        0
      97         :22@CA_:1@CA        1   0.0333     5.46        0
      98         :1@CA_:22@CA        1   0.0333     5.46        0
      99         :16@CA_:5@CA        1   0.0333     5.71        0
     100         :5@CA_:16@CA        1   0.0333     5.71        0
     101         :4@CA_:37@CA        1   0.0333     5.91        0
     102         :37@CA_:4@CA        1   0.0333     5.91        0
     103         :6@CA_:16@CA        1   0.0333     5.95        0
     104         :16@CA_:6@CA        1   0.0333     5.95        0
     105         :19@CA_:4@CA        1   0.0333     6.07        0
     106         :4@CA_:19@CA        1   0.0333     6.07        0
     107        :35@CA_:30@CA        1   0.0333     6.25        0
     108        :30@CA_:35@CA        1   0.0333     6.25        0
     109         :5@CA_:14@CA        1   0.0333     6.26        0
     110         :14@CA_:5@CA        1   0.0333     6.26        0
     111         :7@CA_:15@CA        1   0.0333      6.3 8.43e-08
     112         :15@CA_:7@CA        1   0.0333      6.3 8.43e-08
     113         :35@CA_:5@CA        1   0.0333     6.34        0
     114         :5@CA_:35@CA        1   0.0333     6.34        0
     115        :32@CA_:27@CA        1   0.0333      6.4        0
     116        :27@CA_:32@CA        1   0.0333      6.4        0
     117         :5@CA_:36@CA        1   0.0333     6.48        0
     118         :36@CA_:5@CA        1   0.0333     6.48        0
     119         :35@CA_:6@CA        1   0.0333     6.49        0
     120         :6@CA_:35@CA        1   0.0333     6.49        0
     121         :35@CA_:7@CA        1   0.0333     6.84        0
     122         :7@CA_:35@CA        1   0.0333     6.84        0
     123         :17@CA_:5@CA        0        0        0        0
     124         :14@CA_:7@CA        0        0        0        0
     125         :6@CA_:15@CA        0        0        0        0
     126         :7@CA_:14@CA        0        0        0        0
     127         :15@CA_:8@CA        0        0        0        0
     128         :7@CA_:36@CA        0        0        0        0
     129        :37@CA_:31@CA        0        0        0        0
     130         :5@CA_:17@CA        0        0        0        0
     131        :31@CA_:37@CA        0        0        0        0
     132         :15@CA_:6@CA        0        0        0        0
     133         :8@CA_:15@CA        0        0        0        0
     134         :6@CA_:36@CA        0        0        0        0
     135         :36@CA_:7@CA        0        0        0        0
     136         :36@CA_:6@CA        0        0        0        0
