# Contacts: Contacts_00002
# Native contacts determined from mask ':1-39@CA' and mask ':1-39@CA'
#                     Contact  Nframes    Frac.      Avg    Stdev
       1         :9@CA_:13@CA       11    0.367      5.9    0.782
       2         :13@CA_:9@CA       11    0.367      5.9    0.782
       3         :13@CA_:8@CA       10    0.333     5.01    0.989
       4         :8@CA_:13@CA       10    0.333     5.01    0.989
       5        :28@CA_:24@CA        9      0.3     4.99     1.08
       6        :24@CA_:28@CA        9      0.3     4.99     1.08
       7        :31@CA_:35@CA        9      0.3     5.36    0.925
       8        :35@CA_:31@CA        9      0.3     5.36    0.925
       9         :9@CA_:14@CA        9      0.3     5.88    0.831
      10         :14@CA_:9@CA        9      0.3     5.88    0.831
      11        :23@CA_:27@CA        8    0.267     5.78    0.941
      12        :27@CA_:23@CA        8    0.267     5.78    0.941
      13        :30@CA_:26@CA        7    0.233     4.96     1.21
      14        :26@CA_:30@CA        7    0.233     4.96     1.21
      15        :36@CA_:31@CA        6      0.2     5.45    0.891
      16        :31@CA_:36@CA        6      0.2     5.45    0.891
      17         :4@CA_:39@CA        6      0.2     5.73    0.809
      18         :39@CA_:4@CA        6      0.2     5.73    0.809
      19        :25@CA_:30@CA        6      0.2     5.75     1.07
      20        :30@CA_:25@CA        6      0.2     5.75     1.07
      21        :22@CA_:26@CA        6      0.2     5.77    0.821
      22        :26@CA_:22@CA        6      0.2     5.77    0.821
      23        :25@CA_:29@CA        6      0.2     5.91     1.13
      24        :29@CA_:25@CA        6      0.2     5.91     1.13
      25        :27@CA_:31@CA        6      0.2     6.17    0.594
      26        :31@CA_:27@CA        6      0.2     6.17    0.594
      27         :38@CA_:2@CA        5    0.167     4.69    0.319
      28         :2@CA_:38@CA        5    0.167     4.69    0.319
      29         :14@CA_:8@CA        5    0.167     4.77     0.36
      30         :8@CA_:14@CA        5    0.167     4.77     0.36
      31        :21@CA_:26@CA        5    0.167     5.21    0.694
      32        :26@CA_:21@CA        5    0.167     5.21    0.694
      33        :28@CA_:32@CA        5    0.167     5.71    0.719
      34        :32@CA_:28@CA        5    0.167     5.71    0.719
      35        :33@CA_:29@CA        5    0.167     5.86    0.682
      36        :29@CA_:33@CA        5    0.167     5.86    0.682
      37        :13@CA_:17@CA        5    0.167     5.95      1.1
      38        :17@CA_:13@CA        5    0.167     5.95      1.1
      39        :39@CA_:18@CA        5    0.167     6.11    0.604
      40        :18@CA_:39@CA        5    0.167     6.11    0.604
      41        :32@CA_:27@CA        5    0.167     6.32    0.555
      42        :27@CA_:32@CA        5    0.167     6.32    0.555
      43         :36@CA_:3@CA        4    0.133     4.43     1.83
      44         :3@CA_:36@CA        4    0.133     4.43     1.83
      45         :4@CA_:38@CA        4    0.133     5.08     1.43
      46         :38@CA_:4@CA        4    0.133     5.08     1.43
      47         :37@CA_:3@CA        4    0.133     5.13     1.56
      48         :3@CA_:37@CA        4    0.133     5.13     1.56
      49         :38@CA_:3@CA        4    0.133     5.45    0.554
      50         :3@CA_:38@CA        4    0.133     5.45    0.554
      51         :5@CA_:35@CA        4    0.133     6.23    0.635
      52         :35@CA_:5@CA        4    0.133     6.23    0.635
      53        :30@CA_:34@CA        4    0.133     6.33    0.388
      54        :34@CA_:30@CA        4    0.133     6.33    0.388
      55         :3@CA_:39@CA        3      0.1      3.9      0.5
      56         :39@CA_:3@CA        3      0.1      3.9      0.5
      57         :20@CA_:2@CA        3      0.1      4.9     1.22
      58         :2@CA_:20@CA        3      0.1      4.9     1.22
      59         :14@CA_:5@CA        3      0.1     4.95     1.39
      60         :5@CA_:14@CA        3      0.1     4.95     1.39
      61         :20@CA_:1@CA        3      0.1     5.19    0.547
      62         :1@CA_:20@CA        3      0.1     5.19    0.547
      63         :35@CA_:6@CA        3      0.1     5.37     1.38
      64         :6@CA_:35@CA        3      0.1     5.37     1.38
      65         :7@CA_:36@CA        3      0.1     5.39     1.35
      66         :36@CA_:7@CA        3      0.1     5.39     1.35
      67         :6@CA_:36@CA        3      0.1     5.42    0.833
      68         :36@CA_:6@CA        3      0.1     5.42    0.833
      69        :31@CA_:26@CA        3      0.1     6.03     0.85
      70        :26@CA_:31@CA        3      0.1     6.03     0.85
      71        :35@CA_:30@CA        3      0.1     6.18    0.824
      72        :30@CA_:35@CA        3      0.1     6.18    0.824
      73         :5@CA_:37@CA        2   0.0667     2.44    0.038
      74         :37@CA_:5@CA        2   0.0667     2.44    0.038
      75         :2@CA_:21@CA        2   0.0667     2.57     1.84
      76         :21@CA_:2@CA        2   0.0667     2.57     1.84
      77         :5@CA_:36@CA        2   0.0667     3.71    0.597
      78         :36@CA_:5@CA        2   0.0667     3.71    0.597
      79         :1@CA_:21@CA        2   0.0667     4.06     1.59
      80         :21@CA_:1@CA        2   0.0667     4.06     1.59
      81         :35@CA_:7@CA        2   0.0667     4.65    0.684
      82         :7@CA_:35@CA        2   0.0667     4.65    0.684
      83         :4@CA_:17@CA        2   0.0667     5.58    0.263
      84         :17@CA_:4@CA        2   0.0667     5.58    0.263
      85         :8@CA_:15@CA        2   0.0667     5.58     1.36
      86         :15@CA_:8@CA        2   0.0667     5.58     1.36
      87         :19@CA_:2@CA        2   0.0667     6.27    0.614
      88         :2@CA_:19@CA        2   0.0667     6.27    0.614
      89         :18@CA_:4@CA        2   0.0667     6.38     0.62
      90         :4@CA_:18@CA        2   0.0667     6.38     0.62
      91         :4@CA_:36@CA        2   0.0667     6.64    0.252
      92         :36@CA_:4@CA        2   0.0667     6.64    0.252
      93         :39@CA_:2@CA        1   0.0333     1.73        0
      94         :2@CA_:39@CA        1   0.0333     1.73        0
      95         :19@CA_:4@CA        1   0.0333     4.45 5.96e-08
      96         :4@CA_:19@CA        1   0.0333     4.45 5.96e-08
      97         :1@CA_:23@CA        1   0.0333     4.46        0
      98         :23@CA_:1@CA        1   0.0333     4.46        0
      99         :4@CA_:16@CA        1   0.0333     4.55        0
     100         :16@CA_:4@CA        1   0.0333     4.55        0
     101         :15@CA_:7@CA        1   0.0333      5.4        0
     102         :7@CA_:15@CA        1   0.0333      5.4        0
     103         :26@CA_:1@CA        1   0.0333     5.41        0
     104         :1@CA_:26@CA        1   0.0333     5.41        0
     105         :16@CA_:5@CA        1   0.0333     5.41        0
     106         :5@CA_:16@CA        1   0.0333     5.41        0
     107         :22@CA_:1@CA        1   0.0333     5.78        0
     108         :1@CA_:22@CA        1   0.0333     5.78        0
     109         :5@CA_:18@CA        1   0.0333     5.91        0
     110         :18@CA_:5@CA        1   0.0333     5.91        0
     111        :37@CA_:31@CA        1   0.0333     6.13        0
     112        :31@CA_:37@CA        1   0.0333     6.13        0
     113        :30@CA_:36@CA        1   0.0333     6.26        0
     114        :36@CA_:30@CA        1   0.0333     6.26        0
     115         :19@CA_:3@CA        1   0.0333     6.95        0
     116         :3@CA_:19@CA        1   0.0333     6.95        0
     117         :16@CA_:6@CA        0        0        0        0
     118         :20@CA_:3@CA        0        0        0        0
     119         :18@CA_:3@CA        0        0        0        0
     120         :2@CA_:18@CA        0        0        0        0
     121         :18@CA_:2@CA        0        0        0        0
     122         :17@CA_:5@CA        0        0        0        0
     123         :3@CA_:18@CA        0        0        0        0
     124         :37@CA_:4@CA        0        0        0        0
     125         :3@CA_:20@CA        0        0        0        0
     126         :15@CA_:6@CA        0        0        0        0
     127         :15@CA_:5@CA        0        0        0        0
     128         :14@CA_:7@CA        0        0        0        0
     129         :13@CA_:5@CA        0        0        0        0
     130         :4@CA_:37@CA        0        0        0        0
     131         :7@CA_:14@CA        0        0        0        0
     132         :5@CA_:13@CA        0        0        0        0
     133         :5@CA_:15@CA        0        0        0        0
     134         :6@CA_:16@CA        0        0        0        0
     135         :5@CA_:17@CA        0        0        0        0
     136         :6@CA_:15@CA        0        0        0        0
