# Contacts: Contacts_00002
# Native contacts determined from mask ':1-39@CA' and mask ':1-39@CA'
#                     Contact  Nframes    Frac.      Avg    Stdev
       1        :23@CA_:27@CA        9      0.3     5.22    0.584
       2        :27@CA_:23@CA        9      0.3     5.22    0.584
       3        :31@CA_:35@CA        6      0.2     6.06    0.711
       4        :35@CA_:31@CA        6      0.2     6.06    0.711
       5        :24@CA_:28@CA        5    0.167     5.13     1.11
       6        :28@CA_:24@CA        5    0.167     5.13     1.11
       7        :17@CA_:13@CA        5    0.167     6.08    0.516
       8        :13@CA_:17@CA        5    0.167     6.08    0.516
       9        :26@CA_:21@CA        5    0.167     6.25      0.4
      10        :21@CA_:26@CA        5    0.167     6.25      0.4
      11        :30@CA_:34@CA        5    0.167     6.28    0.354
      12        :34@CA_:30@CA        5    0.167     6.28    0.354
      13         :36@CA_:7@CA        4    0.133     5.16      1.3
      14         :7@CA_:36@CA        4    0.133     5.16      1.3
      15        :26@CA_:30@CA        4    0.133      5.4      1.2
      16        :30@CA_:26@CA        4    0.133      5.4      1.2
      17        :26@CA_:22@CA        4    0.133     5.68    0.724
      18        :22@CA_:26@CA        4    0.133     5.68    0.724
      19         :6@CA_:36@CA        4    0.133      6.2    0.526
      20         :36@CA_:6@CA        4    0.133      6.2    0.526
      21         :37@CA_:5@CA        3      0.1     3.33     1.92
      22         :5@CA_:37@CA        3      0.1     3.33     1.92
      23         :36@CA_:5@CA        3      0.1     3.62     2.49
      24         :5@CA_:36@CA        3      0.1     3.62     2.49
      25         :35@CA_:5@CA        3      0.1     3.65    0.959
      26         :5@CA_:35@CA        3      0.1     3.65    0.959
      27         :19@CA_:3@CA        3      0.1     4.26    0.823
      28         :3@CA_:19@CA        3      0.1     4.26    0.823
      29         :7@CA_:35@CA        3      0.1     4.37     1.46
      30         :35@CA_:7@CA        3      0.1     4.37     1.46
      31         :4@CA_:38@CA        3      0.1     4.53     1.77
      32         :38@CA_:4@CA        3      0.1     4.53     1.77
      33         :3@CA_:39@CA        3      0.1     4.99     2.22
      34         :39@CA_:3@CA        3      0.1     4.99     2.22
      35         :4@CA_:39@CA        3      0.1      5.2    0.378
      36         :39@CA_:4@CA        3      0.1      5.2    0.378
      37        :29@CA_:33@CA        3      0.1     5.31     1.42
      38        :33@CA_:29@CA        3      0.1     5.31     1.42
      39        :30@CA_:25@CA        3      0.1     5.49    0.613
      40        :25@CA_:30@CA        3      0.1     5.49    0.613
      41         :14@CA_:9@CA        3      0.1     5.56    0.388
      42         :9@CA_:14@CA        3      0.1     5.56    0.388
      43         :14@CA_:7@CA        3      0.1     5.63     1.34
      44         :7@CA_:14@CA        3      0.1     5.63     1.34
      45         :2@CA_:39@CA        3      0.1     5.82    0.494
      46         :39@CA_:2@CA        3      0.1     5.82    0.494
      47        :26@CA_:31@CA        3      0.1     6.03     0.38
      48        :31@CA_:26@CA        3      0.1     6.03     0.38
      49        :27@CA_:31@CA        3      0.1     6.23    0.505
      50        :31@CA_:27@CA        3      0.1     6.23    0.505
      51         :26@CA_:1@CA        3      0.1     6.24    0.299
      52         :1@CA_:26@CA        3      0.1     6.24    0.299
      53         :13@CA_:8@CA        3      0.1     6.29    0.612
      54         :8@CA_:13@CA        3      0.1     6.29    0.612
      55        :18@CA_:39@CA        3      0.1     6.32    0.689
      56        :39@CA_:18@CA        3      0.1     6.32    0.689
      57         :21@CA_:1@CA        2   0.0667     2.44     2.23
      58         :1@CA_:21@CA        2   0.0667     2.44     2.23
      59         :6@CA_:15@CA        2   0.0667      4.5     1.25
      60         :15@CA_:6@CA        2   0.0667      4.5     1.25
      61        :30@CA_:36@CA        2   0.0667     4.69     1.23
      62        :36@CA_:30@CA        2   0.0667     4.69     1.23
      63         :37@CA_:4@CA        2   0.0667     4.74    0.455
      64         :4@CA_:37@CA        2   0.0667     4.74    0.455
      65         :3@CA_:20@CA        2   0.0667     4.98    0.195
      66         :20@CA_:3@CA        2   0.0667     4.98    0.195
      67         :18@CA_:2@CA        2   0.0667     5.18    0.685
      68         :2@CA_:18@CA        2   0.0667     5.18    0.685
      69        :29@CA_:25@CA        2   0.0667     5.29     1.29
      70        :25@CA_:29@CA        2   0.0667     5.29     1.29
      71         :9@CA_:13@CA        2   0.0667     5.35     1.34
      72         :13@CA_:9@CA        2   0.0667     5.35     1.34
      73        :30@CA_:35@CA        2   0.0667      5.4    0.302
      74        :35@CA_:30@CA        2   0.0667      5.4    0.302
      75         :2@CA_:21@CA        2   0.0667      5.8    0.882
      76         :21@CA_:2@CA        2   0.0667      5.8    0.882
      77        :28@CA_:32@CA        2   0.0667     5.87     1.03
      78        :32@CA_:28@CA        2   0.0667     5.87     1.03
      79        :36@CA_:31@CA        2   0.0667     5.89     1.08
      80        :31@CA_:36@CA        2   0.0667     5.89     1.08
      81         :6@CA_:16@CA        2   0.0667     5.95   0.0018
      82         :16@CA_:6@CA        2   0.0667     5.95   0.0018
      83         :3@CA_:37@CA        2   0.0667     5.97    0.552
      84         :37@CA_:3@CA        2   0.0667     5.97    0.552
      85         :15@CA_:5@CA        2   0.0667     5.99   0.0909
      86         :5@CA_:15@CA        2   0.0667     5.99   0.0909
      87         :4@CA_:19@CA        2   0.0667     6.14    0.406
      88         :19@CA_:4@CA        2   0.0667     6.14    0.406
      89         :8@CA_:14@CA        2   0.0667     6.26    0.574
      90         :14@CA_:8@CA        2   0.0667     6.26    0.574
      91         :13@CA_:5@CA        2   0.0667     6.59   0.0607
      92         :5@CA_:13@CA        2   0.0667     6.59   0.0607
      93        :32@CA_:27@CA        1   0.0333      3.3        0
      94        :27@CA_:32@CA        1   0.0333      3.3        0
      95         :15@CA_:7@CA        1   0.0333     3.67 4.21e-08
      96         :7@CA_:15@CA        1   0.0333     3.67 4.21e-08
      97         :16@CA_:5@CA        1   0.0333     5.17        0
      98         :5@CA_:16@CA        1   0.0333     5.17        0
      99         :2@CA_:19@CA        1   0.0333     5.88        0
     100         :19@CA_:2@CA        1   0.0333     5.88        0
     101         :3@CA_:18@CA        1   0.0333      5.9 8.43e-08
     102         :18@CA_:3@CA        1   0.0333      5.9 8.43e-08
     103         :1@CA_:23@CA        1   0.0333     6.08        0
     104         :23@CA_:1@CA        1   0.0333     6.08        0
     105        :31@CA_:37@CA        1   0.0333     6.17        0
     106        :37@CA_:31@CA        1   0.0333     6.17        0
     107         :14@CA_:5@CA        1   0.0333     6.25 8.43e-08
     108         :5@CA_:14@CA        1   0.0333     6.25 8.43e-08
     109         :20@CA_:2@CA        1   0.0333     6.47        0
     110         :2@CA_:20@CA        1   0.0333     6.47        0
     111         :18@CA_:5@CA        1   0.0333     6.55        0
     112         :5@CA_:18@CA        1   0.0333     6.55        0
     113         :4@CA_:36@CA        1   0.0333     6.64 8.43e-08
     114         :36@CA_:4@CA        1   0.0333     6.64 8.43e-08
     115         :38@CA_:3@CA        1   0.0333     6.67        0
     116         :3@CA_:38@CA        1   0.0333     6.67        0
     117         :3@CA_:36@CA        1   0.0333     6.75        0
     118         :36@CA_:3@CA        1   0.0333     6.75        0
     119         :17@CA_:5@CA        1   0.0333     6.87        0
     120         :5@CA_:17@CA        1   0.0333     6.87        0
     121         :1@CA_:20@CA        1   0.0333     6.91        0
     122         :20@CA_:1@CA        1   0.0333     6.91        0
     123         :22@CA_:1@CA        1   0.0333     6.93        0
     124         :1@CA_:22@CA        1   0.0333     6.93        0
     125         :4@CA_:18@CA        1   0.0333     6.97 8.43e-08
     126         :18@CA_:4@CA        1   0.0333     6.97 8.43e-08
     127         :2@CA_:38@CA        0        0        0        0
     128         :35@CA_:6@CA        0        0        0        0
     129         :4@CA_:16@CA        0        0        0        0
     130         :4@CA_:17@CA        0        0        0        0
     131         :6@CA_:35@CA        0        0        0        0
     132         :8@CA_:15@CA        0        0        0        0
     133         :38@CA_:2@CA        0        0        0        0
     134         :17@CA_:4@CA        0        0        0        0
     135         :16@CA_:4@CA        0        0        0        0
     136         :15@CA_:8@CA        0        0        0        0
